28 30
Graph 1
1 : 
2 : 9 10 11 12 13
9 : 2 15 16 17 18
10 : 2 3 17 18
11 : 25 2 3 17 18 4 21 24
12 : 25 2 3 18 4 5
13 : 2 6 3 4 5
3 : 10 11 12 13 15 16 17 18
15 : 9 23 3
16 : 9 19 3 21
17 : 25 9 10 11 3 4 5
18 : 6 9 10 11 12 3 4 5
4 : 11 12 13 17 18
5 : 25 12 13 17 18 21 24
21 : 11 23 16 28 5
24 : 11 19 5
25 : 6 11 12 19 17 5
6 : 25 13 18
7 : 
8 : 
14 : 
23 : 19 15 21
19 : 25 23 16 24
20 : 27
27 : 20
28 : 26 21
22 : 
26 : 28
Graph 2
1 : 
2 : 9 10 11 12 13
9 : 2 15 16 17
10 : 2 3
11 : 2 3 4
12 : 2 3 4 5 27
13 : 2 3 4 5 6
3 : 10 11 12 13 15 16 17
15 : 9 23 24 25 3
16 : 9 24 25 19 3 26 27
17 : 9 25 19 3 20 28
4 : 11 12 13
5 : 12 13
6 : 13 27
27 : 23 12 20 16 6
7 : 
8 : 
14 : 22
22 : 14
23 : 19 26 15 27
24 : 19 15 20 16 28
25 : 19 15 20 16 17 21
19 : 23 24 25 16 17
26 : 23 20 16
20 : 24 25 26 17 27
28 : 24 17 21
18 : 
21 : 25 28
Graph 3
1 : 
2 : 9 10 11 12 13
9 : 2 15 16 17 18
10 : 2 3 16 17 20
11 : 2 3 17 4
12 : 2 28 3 4 5
13 : 2 21 24 26 3 17 4 5
3 : 10 11 12 13 15 16 17 18
15 : 9 3 25 20
16 : 9 10 3 27 4
17 : 9 28 10 11 13 3 4 5
18 : 9 21 3 19 20
4 : 11 12 13 16 17 20
20 : 10 26 15 27 18 4
5 : 12 13 17
6 : 
7 : 
8 : 
28 : 21 24 12 26 17
21 : 28 13 25 27 18
24 : 28 13 27 19
26 : 28 13 23 20
14 : 
25 : 21 15 19
27 : 21 24 16 23 20
19 : 24 25 18
22 : 
23 : 26 27
Graph 4
1 : 
2 : 9 10 11 12 13
9 : 2
10 : 2 3 16 17 18 20 21 22
11 : 2 3 4 17 21 22
12 : 2 28 3 4 5
13 : 2 24 26 3 4 17 21 5
3 : 10 11 12 13
4 : 11 12 13 16 17 18 20 21 22
16 : 10 19 4 27
17 : 10 28 11 13 19 4 20 22 5
18 : 10 24 19 4 23
20 : 10 14 4 17
21 : 10 28 11 13 14 4 5
22 : 10 11 24 26 14 4 17 5
5 : 12 13 17 21 22
6 : 
7 : 
8 : 
28 : 24 12 26 17 21
24 : 28 13 27 18 22
26 : 28 13 23 22
14 : 19 20 21 22
19 : 14 16 17 18
15 : 
27 : 24 16 23
23 : 26 27 18
25 : 
Graph 5
1 : 
2 : 9 10 11 12 13
9 : 2 16
10 : 2 3 16 18 20 21 22
11 : 2 26 3 4
12 : 25 2 23 3 16 4 18 20 22
13 : 2 3 4 5 6
3 : 10 11 12 13 16
16 : 27 9 10 26 12 3 4
4 : 11 12 13 16 18 20 21 22
18 : 10 26 12 23 19 4 21 6
20 : 27 10 26 12 4
21 : 25 10 23 14 4 18
22 : 10 26 12 23 14 4 6
5 : 13
6 : 25 27 13 18 22
25 : 26 12 21 6
27 : 23 16 20 6
7 : 
8 : 
26 : 25 11 23 16 18 20 22
23 : 27 26 12 18 21 22
14 : 19 21 22
19 : 14 18
15 : 24
24 : 15
17 : 
28 : 
Graph 6
1 : 
2 : 9 10 11 12 13
9 : 2
10 : 2 3 16 17 18 20 21 22
11 : 2 26 3 4 22
12 : 2 23 3 4 16 20 22
13 : 6 2 3 4 5
3 : 10 11 12 13
4 : 11 12 13 16 17 18 20 21 22
16 : 27 10 26 12 19 4 21
17 : 10 23 19 4 28
18 : 10 23 19 4 24
20 : 10 26 12 14 4
21 : 10 23 14 4 16
22 : 6 10 11 12 14 4 5
5 : 13 22
6 : 27 13 22
27 : 6 23 16
7 : 
8 : 
26 : 11 23 16 20
23 : 27 26 12 17 18 21
14 : 19 20 21 22
19 : 14 16 17 18
15 : 
28 : 17 24
24 : 28 18
25 : 
Graph 7
1 : 
2 : 9 10 11 12 13
9 : 2
10 : 2 3 20 21 22
11 : 2 26 3 4 22 18 25
12 : 2 16 23 3 4 20 22 18 25
13 : 2 3 4 5 6
3 : 10 11 12 13
4 : 11 12 13 20 21 22
20 : 10 26 12 14 4 18 25
21 : 10 16 23 14 4 18 25
22 : 10 11 12 14 4 5 6
5 : 13 22 18 25
18 : 11 12 23 20 24 21 5 6
25 : 11 12 15 20 21 5 6
6 : 27 13 22 18 25
27 : 6
7 : 
8 : 
26 : 11 16 23 20
16 : 26 12 24 21
23 : 26 12 15 21 18
14 : 19 20 21 22
19 : 14
15 : 23 24 25
24 : 16 15 18
17 : 
28 : 
Graph 8
1 : 
2 : 9 10 11 12 13
9 : 2
10 : 2 3 20 21 22
11 : 2 27 3 4 21 24
12 : 2 28 3 4 5
13 : 2 16 17 23 3 4 20 21 24
3 : 10 11 12 13
4 : 11 12 13 20 21 22
20 : 27 10 13 14 4 24
21 : 28 10 11 13 14 4 5
22 : 10 16 17 23 14 4 24
5 : 12 21 24
24 : 28 11 13 15 20 22 5
6 : 
7 : 
8 : 
27 : 16 11 17 23 20
28 : 17 12 21 26 24
16 : 27 13 25 26 22
17 : 27 28 13 25 22
23 : 27 13 15 22
14 : 19 20 21 22
19 : 14
15 : 23 25 24
25 : 16 17 15
26 : 28 16
18 : 
Graph 9
1 : 
2 : 9 10 11 12 13
9 : 2 15 17 18
10 : 2 23 3 17
11 : 2 19 3 15 17 18 21 22
12 : 2 3 4 5
13 : 2 6 3 4 5
3 : 10 11 12 13 15 17 18
15 : 25 9 11 23 3
17 : 9 10 11 3 28 4 5
18 : 9 11 23 19 3 26 5 21
4 : 12 13 17
5 : 25 12 13 17 18 21 22 24
21 : 25 11 23 28 18 5
22 : 11 23 26 5
24 : 19 28 5
25 : 19 15 26 5 21
6 : 13
7 : 
8 : 
23 : 10 19 15 18 21 22
19 : 25 11 23 18 24
14 : 20
20 : 14
16 : 
28 : 17 26 21 24
26 : 25 28 18 22
27 : 
Graph 10
1 : 
2 : 9 10 11 12 13
9 : 2 15 16 17
10 : 2 23 3
11 : 2 19 3 15 17 21
12 : 2 3 4 5
13 : 6 2 3 4 5
3 : 10 11 12 13 15 16 17
15 : 9 23 11 3 24 25
16 : 9 19 3 27 21
17 : 9 23 11 19 3 28 5 25
4 : 12 13
5 : 12 13 17 21 24 25
21 : 23 11 28 16 5 25
24 : 19 15 28 5
25 : 19 15 17 26 5 21
6 : 13
7 : 
8 : 
23 : 10 19 15 17 21
19 : 23 11 16 17 24 25
14 : 22
22 : 14
27 : 16 20
28 : 17 26 21 24
18 : 
20 : 27
26 : 28 25
Graph 11
1 : 
2 : 9 10 11 12 13
9 : 2
10 : 2 23 3 21
11 : 2 15 19 3 21 17
12 : 2 3 4 5
13 : 2 3 4 5 6
3 : 10 11 12 13
4 : 12 13 21
21 : 10 11 14 4 28 5
5 : 12 13 21 17 24 25
17 : 23 11 20 22 28 5 25
24 : 15 28 5
25 : 15 19 5 17 26
6 : 13
7 : 
8 : 
23 : 15 10 19 17
15 : 23 11 20 22 24 25
19 : 23 11 14 25
14 : 19 20 22 21
20 : 15 14 27 17
22 : 15 14 16 17
16 : 22 27
27 : 20 16
28 : 21 17 26 24
18 : 
26 : 28 25
Graph 12
1 : 
2 : 9 10 11 12 13
9 : 2 16
10 : 2 24 3 16 18 20 22
11 : 27 2 26 3 4
12 : 2 15 19 3 16 18 20 22
13 : 2 26 3 23 16 4 20 6
3 : 10 11 12 13 16
16 : 27 9 10 26 12 13 3 4
4 : 11 13 16 18 20 22
18 : 10 26 12 19 23 4 21 6
20 : 27 10 26 12 13 4
22 : 10 26 12 23 14 4 6
5 : 
6 : 27 13 18 22 25
25 : 26 6
27 : 11 23 16 20 6
7 : 
8 : 
24 : 10 15 19
26 : 11 13 23 16 18 20 22 25
15 : 24 12 21
19 : 24 12 14 18
23 : 27 26 13 18 22
14 : 19 21 22
21 : 15 14 18
17 : 
28 : 
Graph 13
1 : 
2 : 9 10 11 12 13
9 : 2
10 : 2 23 3 24
11 : 2 15 19 3 22
12 : 2 23 15 19 3 5 22 18 27
13 : 2 3 4 5 6
3 : 10 11 12 13
4 : 13
5 : 12 13 22 24 25
22 : 23 15 11 12 14 5 24 6
24 : 10 15 19 5 22 18 27
25 : 15 19 5 6
6 : 13 22 25 18 27
18 : 12 21 26 24 6
27 : 12 16 24 6
7 : 
8 : 
23 : 10 15 19 12 22
15 : 23 11 12 20 21 22 24 25
19 : 23 11 12 14 24 25
14 : 19 20 21 22
20 : 15 14 26
21 : 15 14 16 18
16 : 21 26 27
26 : 20 16 18
17 : 
28 : 
Graph 14
1 : 
2 : 9 10 11 12 13
9 : 2 15 16 17
10 : 2 23 3 25
11 : 2 19 27 3 15
12 : 2 28 3 4 5
13 : 2 19 20 3 21 15 16 17
3 : 10 11 12 13 15 16 17
15 : 9 23 11 13 3 24 25
16 : 9 19 27 13 3 26
17 : 9 19 27 28 13 20 3 25
4 : 12
5 : 12 24 25
24 : 19 28 15 5
25 : 10 19 21 15 17 26 5
6 : 
7 : 
8 : 
23 : 10 19 15
19 : 23 11 13 16 17 24 25
27 : 11 20 21 16 17
28 : 12 21 17 26 24
20 : 27 13 17 26
21 : 27 28 13 25
14 : 22
22 : 14
26 : 28 20 16 25
18 : 
Graph 15
1 : 
2 : 9 10 11 12 13
9 : 2 15
10 : 24 2 3 25
11 : 2 26 3 4 27
12 : 2 16 19 20 28 3 15
13 : 2 16 19 20 17 3 21 15
3 : 10 11 12 13 15
15 : 24 9 12 13 3 23 25
4 : 11
5 : 
6 : 25 27
25 : 26 16 10 19 20 15 6
27 : 16 11 20 23 6
7 : 
8 : 
24 : 16 10 19 20 15
26 : 16 11 20 23 25
16 : 24 26 12 13 21 22 25 27
19 : 24 12 13 23 25
20 : 24 26 12 13 14 25 27
28 : 12 17 21
17 : 28 13 22
21 : 16 28 13 14
14 : 20 21 22
22 : 16 17 14
23 : 26 19 15 27
18 : 
Graph 16
1 : 
2 : 9 10 11 12 13
9 : 2 15
10 : 2 23 3 24 25
11 : 2 19 26 3 15
12 : 2 19 16 20 3 15
13 : 2 23 19 3 15 5 24 6
3 : 10 11 12 13 15
15 : 23 9 11 12 13 3 24 25
4 : 
5 : 13 24 25
24 : 19 10 13 15 5 27
25 : 19 10 15 5 6
6 : 13 25 27
27 : 16 20 24 6
7 : 
8 : 
23 : 19 10 13 15
19 : 23 11 12 13 24 25
26 : 11 16 20
16 : 26 12 21 22 27
20 : 26 12 14 27
14 : 20 21 22
21 : 16 14 28
22 : 16 14 17
17 : 22 28
28 : 21 17
18 : 
Graph 17
1 : 
2 : 9 10 11 12 13
9 : 2 19
10 : 2 14 16 17
11 : 2 26 3 4
12 : 2 23 3 4 16 20
13 : 2 3 4 5 6
3 : 11 12 13
4 : 11 12 13 16 17 20 21 22
16 : 27 10 19 12 26 4 21 22
17 : 10 19 23 4 28 22
20 : 27 14 12 26 4
21 : 14 23 4 16 28
22 : 14 23 4 16 17 24
5 : 13
6 : 27 13
27 : 23 16 20 6
7 : 
8 : 
19 : 9 14 16 17
14 : 10 19 20 21 22
26 : 11 23 16 20
23 : 27 12 26 17 21 22
15 : 25
25 : 15
28 : 17 24 21
18 : 
24 : 28 22
Graph 18
1 : 
2 : 9 10 11 12 13
9 : 2 21
10 : 2 24 3 16 20 25
11 : 2 26 3 4 27
12 : 2 14 15 16
13 : 2 24 26 15 3 19 16 20 6
3 : 10 11 13
4 : 11 16 20
16 : 21 10 26 12 13 19 4 22 27
20 : 10 26 14 13 4 27
5 : 
6 : 13 22 25 27
22 : 24 26 14 15 16 6
25 : 10 26 15 19 6
27 : 11 16 20 23 6
7 : 
8 : 
21 : 9 14 15 16
24 : 10 13 15 19 22
26 : 11 13 16 20 23 22 25
14 : 21 12 19 20 22
15 : 21 24 12 13 22 25
19 : 24 14 13 16 25
17 : 28
28 : 17
18 : 
23 : 26 27
Graph 19
1 : 
2 : 9 10 11 12 13
9 : 2 19 20
10 : 2 14 16
11 : 2 19 14 4
12 : 2 28 3 4 5
13 : 2 17 24 26 3 4 21 5
3 : 12 13
4 : 11 12 13 16 20 21 22
16 : 19 10 26 4 27
20 : 9 14 4
21 : 14 28 13 4 5
22 : 14 17 24 26 4 5
5 : 12 13 21 22
6 : 
7 : 
8 : 
19 : 9 14 11 16
14 : 19 10 11 20 21 22
28 : 17 12 24 26 21
17 : 28 13 25 27 22
24 : 28 13 15 27 22
26 : 28 13 16 23 22
15 : 24 25
25 : 17 15
27 : 17 24 16 23
18 : 
23 : 26 27
Graph 20
1 : 
2 : 10 11 12 13
10 : 2 3 16 17 18 20 21
11 : 2 3 17 4 21
12 : 2 28 3 4 5
13 : 2 24 3 26 17 4 21 5
3 : 10 11 12 13 15 16 17 18
15 : 3 20 21
16 : 10 3 27 4 21
17 : 10 11 28 13 3 4 5
18 : 10 24 3 23 4 20 21
4 : 11 12 13 16 17 18 20 21
20 : 10 15 27 18 4
21 : 10 11 28 13 15 16 18 4 5
5 : 12 13 17 21
6 : 
7 : 
8 : 14
14 : 8
9 : 
28 : 12 24 26 17 21
24 : 28 13 27 18
26 : 28 13 23
27 : 24 16 23 20
23 : 26 27 18
19 : 25
25 : 19
22 : 
Graph 21
1 : 
2 : 9 10 11 12
9 : 2 22 15 17
10 : 2 23 3 24 25
11 : 2 19 27 3 15 17 21
12 : 2 23 19 3 28 15 5 25
3 : 10 11 12 15 17
15 : 9 23 11 12 3 24 25
17 : 9 23 11 19 3 28 5 25
4 : 
5 : 12 17 21 24 25
21 : 23 11 28 5 25
24 : 10 19 28 15 5
25 : 10 19 12 15 17 5 21 26
6 : 
7 : 
8 : 18
18 : 8
22 : 9 14 16
23 : 10 19 12 15 17 21
19 : 23 11 12 17 24 25
27 : 11 20 16
28 : 12 17 21 26 24
13 : 
14 : 22 20
20 : 27 14
16 : 22 27
26 : 28 25
Graph 22
1 : 
2 : 9 10 11 12
9 : 2 19 22
10 : 2 22 14 25 16 17
11 : 2 26 3 27 4
12 : 2 3 27 4 23 16 28 20
3 : 11 12
4 : 11 12 16 17 20 21
16 : 19 22 10 12 26 27 4 21
17 : 19 22 10 27 4 23 28
20 : 14 12 26 27 4
21 : 14 27 4 23 16 28
5 : 
6 : 
7 : 
8 : 18
18 : 8
19 : 9 14 25 16 17
22 : 9 10 14 16 17 15
14 : 19 22 10 20 21
25 : 19 10 15
26 : 11 23 16 28 20
27 : 11 12 23 16 17 20 21 24
23 : 12 26 27 17 21
28 : 12 26 17 21 24
13 : 
15 : 22 25
24 : 27 28
Graph 23
1 : 
2 : 9 10 11 12
9 : 2 19 21 22
10 : 2 14 24 25 16
11 : 2 3 26 4 27
12 : 2 14 25 15 16 28
3 : 11
4 : 11 16 20 21 22
16 : 19 10 12 26 4 21 22 27
20 : 14 26 4 27
21 : 9 14 4 16 23
22 : 9 14 26 4 16 23 6
5 : 
6 : 22 27
27 : 11 16 20 23 6
7 : 
8 : 18
18 : 8
19 : 9 14 16
14 : 19 10 12 20 21 22
24 : 10 15 28
25 : 10 12 15 17
26 : 11 16 20 22 23
15 : 24 12 25
28 : 24 12 17
13 : 
17 : 25 28
23 : 26 21 22 27
Graph 24
1 : 
2 : 9 10 11 12
9 : 2 19 20 21 22
10 : 2 14 25
11 : 2 19 14 26 4 21 27
12 : 2 19 14 16 23 4 28
3 : 
4 : 11 12 20 21 22
20 : 9 14 26 4
21 : 9 14 11 16 23 4
22 : 9 14 4 5 6
5 : 22
6 : 22 27
27 : 11 16 23 6
7 : 
8 : 18
18 : 8
19 : 9 14 11 12
14 : 19 10 11 12 20 21 22
25 : 10 16 15 17
26 : 11 16 23 20
16 : 25 26 12 21 24 27
23 : 26 12 15 21 27
28 : 12 24 17
13 : 
15 : 25 23 24
24 : 16 28 15
17 : 25 28
Graph 25
1 : 
2 : 9 10 11 12
9 : 2 19 22 20 21
10 : 2 22 14 23 25
11 : 2 22 14 25 15 27 17
12 : 2 19 22 14 4 20 28 5
3 : 
4 : 12 20 21
20 : 9 14 12 4 27 17 24
21 : 9 14 4 28 5
5 : 12 21 17 24
17 : 22 11 23 25 20 28 5
24 : 15 20 28 5
6 : 
7 : 
8 : 18
18 : 8
19 : 9 14 12 25
22 : 9 10 14 11 12 15 16 17
14 : 19 22 10 11 12 20 21
23 : 10 15 27 17
25 : 19 10 11 15 16 17
15 : 22 11 23 25 24
27 : 11 23 20 16
28 : 12 21 17 26 24
13 : 
16 : 22 25 27
26 : 28
Graph 26
1 : 
2 : 9 10 11 12
9 : 19 2 21 22 20
10 : 2 21 22 14 24 25 16
11 : 19 2 21 22 14 26 4 27
12 : 2 22 14 25 15 16 28
3 : 
4 : 11 16 20
16 : 19 21 22 10 12 26 4 27
20 : 9 14 26 4 27
5 : 
6 : 27
27 : 11 16 20 6 23
7 : 
8 : 18
18 : 8
19 : 9 14 11 24 25 16
21 : 9 10 14 11 25 15 16 28
22 : 9 10 14 11 12 15 16 17
14 : 19 21 22 10 11 12 20
24 : 19 10 15 28
25 : 19 21 10 12 15 17
26 : 11 16 20 23
15 : 21 22 24 12 25
28 : 21 24 12 17
13 : 
17 : 22 25 28
23 : 26 27
Graph 27
1 : 
2 : 10 11 12
10 : 2 24 25 3
11 : 2 26 3 27 4
12 : 2 25 3 27 15 19 16 20 28
3 : 10 11 12 15 16 17 18
15 : 24 25 12 3 23
16 : 24 25 12 26 3 27 19
17 : 25 3 27 19 20 28
18 : 3 19 20 21 8
4 : 11
5 : 
6 : 
7 : 
8 : 18 14
14 : 8
9 : 22
22 : 9
24 : 10 27 15 19 16 20 28
25 : 10 12 15 19 16 20 17 21
26 : 11 16 20 28 23
27 : 24 11 12 16 20 17 23 21
19 : 24 25 12 16 17 18 23
20 : 24 25 12 26 27 17 18
28 : 24 12 26 17 21
13 : 
23 : 26 27 15 19
21 : 25 27 28 18
Graph 28
1 : 
2 : 9 10 11
9 : 2 21 15 16 22
10 : 2 24 3 16 20 25
11 : 2 3 26 4 27
3 : 10 11 15 16
15 : 9 24 3 20 25
16 : 9 10 3 26 4 27
4 : 11 16 20
20 : 10 26 15 4 27
5 : 
6 : 22 25 27
22 : 9 24 26 14 6
25 : 10 26 15 19 6
27 : 11 16 20 6 23
7 : 
8 : 17 18
17 : 8 28
18 : 8 12
21 : 9 14
24 : 10 15 19 22
26 : 11 16 20 23 22 25
12 : 18 28
28 : 17 12
13 : 
14 : 21 22
19 : 24 25
23 : 26 27
Graph 29
1 : 
2 : 9 12
9 : 2 19 20 21 22
12 : 2 19 4 14 28 20 22 5
3 : 
4 : 12 11 16 17 18 20 21 22
11 : 15 19 4 27 18
16 : 8 19 4 27
17 : 19 4 28 20 22 5
18 : 8 19 4 11 23 24
20 : 9 12 4 14 17
21 : 9 4 14 28 5
22 : 9 12 4 14 17 24 26 5
5 : 12 17 21 22
6 : 
7 : 
8 : 15 16 18
15 : 8 11
19 : 9 12 11 14 16 17 18
10 : 25
25 : 10
27 : 11 16 23 24
14 : 19 12 20 21 22
28 : 12 17 24 21 26
13 : 
23 : 27 18 26
24 : 27 28 18 22
26 : 28 23 22
Graph 30
1 : 
2 : 
3 : 10 11 12 15 16 17 18
10 : 3 25 14
11 : 3 26 27 15 17 18 4 14
12 : 3 27 20 15 23 28 18 4 14
15 : 3 11 12 8
16 : 3 26 27 4 8
17 : 3 11 27 20 23 28 4 8
18 : 3 11 12 20 23 21 4 24 8
4 : 11 12 16 17 18
5 : 
6 : 
7 : 
8 : 15 16 17 18 14
14 : 10 11 12 8
9 : 22
22 : 9
25 : 10 20 21 19
26 : 11 20 23 16 28
27 : 11 12 20 23 16 17 21 24
20 : 25 26 27 12 17 18 24
23 : 26 27 12 17 18 19
28 : 26 12 17 21 24
13 : 
21 : 25 27 28 18
24 : 27 20 28 18 19
19 : 25 23 24
