21 135
Graph 1
1 : 12 13 14 15 16 17 18 19 20 21
12 : 1 5 9 6 10 11 19 20 21 4
13 : 1 5 6 10 11 21
14 : 1 6 11 16
15 : 1 16 17 19
16 : 1 5 6 14 10 15 11 21 2 7
17 : 1 6 15 11 2 7
18 : 1 19 2 7
19 : 1 12 6 15 11 18 2 3 7 8
20 : 1 12 2 3 7 8
21 : 1 12 9 13 16 2 3 7 4 8
2 : 16 17 18 19 20 21
3 : 19 20 21 7
7 : 5 6 16 17 18 19 20 21 3 4
4 : 12 21 7 8
8 : 5 6 19 20 21 4
5 : 12 9 13 16 7 8
9 : 5 12 6 21
6 : 12 9 13 14 10 16 17 19 7 8
10 : 12 13 6 16
11 : 12 13 14 16 17 19
Graph 2
1 : 12 13 14 15 16 17 18 19 20 21
12 : 1 5 9 6 10 11 19 20 21 4
13 : 1 5 6 10 11 21
14 : 1 6 11 16 20
15 : 1 16 17 19
16 : 1 5 6 14 10 15 11 21 2 7
17 : 1 6 15 11 20 2 7
18 : 1 19 2 7
19 : 1 12 6 15 11 18 2 3 7 8
20 : 1 5 12 14 10 17 2 3 7 8
21 : 1 12 9 13 16 2 3 7 4 8
2 : 16 17 18 19 20 21
3 : 19 20 21 7
7 : 5 6 16 17 18 19 20 21 3 4
4 : 12 21 7 8
8 : 5 6 19 20 21 4
5 : 12 9 13 16 20 7 8
9 : 5 12 6 21
6 : 12 9 13 14 10 16 17 19 7 8
10 : 12 13 6 16 20
11 : 12 13 14 16 17 19
Graph 3
1 : 12 13 14 15 16 17 18 19 20 21
12 : 1 5 9 6 10 11 19 20 21 4
13 : 1 5 6 10 11 21
14 : 1 6 11 16 18 20
15 : 1 16 17 19
16 : 1 5 6 14 10 15 11 21 2 7
17 : 1 6 15 11 20 2 7
18 : 1 5 14 10 2 7
19 : 1 12 6 15 11 2 3 7 8
20 : 1 5 12 14 10 17 2 3 7 8
21 : 1 12 9 13 16 2 3 7 4 8
2 : 16 17 18 19 20 21
3 : 19 20 21 7
7 : 5 6 16 17 18 19 20 21 3 4
4 : 12 21 7 8
8 : 5 6 19 20 21 4
5 : 12 9 13 16 18 20 7 8
9 : 5 12 6 21
6 : 12 9 13 14 10 16 17 19 7 8
10 : 12 13 6 16 18 20
11 : 12 13 14 16 17 19
Graph 4
1 : 12 13 14 15 16 17 18 19 20 21
12 : 1 5 9 6 10 11 19 20 21 4
13 : 1 5 6 10 11 18 21
14 : 1 6 11 16 18 20
15 : 1 16 17 19
16 : 1 5 6 14 10 15 11 21 2 7
17 : 1 6 15 11 20 2 7
18 : 1 5 9 13 14 10 19 2 7 4
19 : 1 12 6 15 11 18 2 3 7 8
20 : 1 5 12 14 10 17 2 3 7 8
21 : 1 12 9 13 16 2 3 7 4 8
2 : 16 17 18 19 20 21
3 : 19 20 21 7
7 : 5 6 16 17 18 19 20 21 3 4
4 : 12 18 21 7 8
8 : 5 6 19 20 21 4
5 : 12 9 13 16 18 20 7 8
9 : 5 12 6 18 21
6 : 12 9 13 14 10 16 17 19 7 8
10 : 12 13 6 16 18 20
11 : 12 13 14 16 17 19
Graph 5
1 : 12 13 14 15 16 17 18 19 20 21
12 : 1 5 9 6 10 11 19 20 21 4
13 : 1 5 6 10 11 17 18 21
14 : 1 6 11 16 18 20
15 : 1 16 17 19
16 : 1 5 6 14 10 15 11 21 2 7
17 : 1 9 13 6 15 11 2 7 4
18 : 1 5 9 13 14 10 19 2 7 4
19 : 1 12 6 15 11 18 2 3 7 8
20 : 1 5 12 14 10 2 3 7 8
21 : 1 12 9 13 16 2 3 7 4 8
2 : 16 17 18 19 20 21
3 : 19 20 21 7
7 : 5 6 16 17 18 19 20 21 3 4
4 : 12 17 18 21 7 8
8 : 5 6 19 20 21 4
5 : 12 9 13 16 18 20 7 8
9 : 5 12 6 17 18 21
6 : 12 9 13 14 10 16 17 19 7 8
10 : 12 13 6 16 18 20
11 : 12 13 14 16 17 19
Graph 6
1 : 12 13 14 15 16 17 18 19 20 21
12 : 1 5 9 6 10 11 19 20 21 4
13 : 1 5 6 10 11 18 21
14 : 1 6 11 16 18 20
15 : 1 5 10 16
16 : 1 5 6 14 10 15 11 21 2 7
17 : 1 6 11 20 2 7
18 : 1 5 9 13 14 10 19 2 7 4
19 : 1 12 6 11 18 2 3 7 8
20 : 1 5 12 14 10 17 2 3 7 8
21 : 1 12 9 13 16 2 3 7 4 8
2 : 16 17 18 19 20 21
3 : 19 20 21 7
7 : 5 6 16 17 18 19 20 21 3 4
4 : 12 18 21 7 8
8 : 5 6 19 20 21 4
5 : 12 9 13 15 16 18 20 7 8
9 : 5 12 6 18 21
6 : 12 9 13 14 10 16 17 19 7 8
10 : 12 13 6 15 16 18 20
11 : 12 13 14 16 17 19
Graph 7
1 : 12 13 14 15 16 17 18 19 20 21
12 : 1 5 9 6 10 11 19 20 21 4
13 : 1 5 6 10 11 17 18 21
14 : 1 6 11 16 18 20
15 : 1 5 10 16
16 : 1 5 6 14 10 15 11 21 2 7
17 : 1 9 13 6 11 2 7 4
18 : 1 5 9 13 14 10 19 2 7 4
19 : 1 12 6 11 18 2 3 7 8
20 : 1 5 12 14 10 2 3 7 8
21 : 1 12 9 13 16 2 3 7 4 8
2 : 16 17 18 19 20 21
3 : 19 20 21 7
7 : 5 6 16 17 18 19 20 21 3 4
4 : 12 17 18 21 7 8
8 : 5 6 19 20 21 4
5 : 12 9 13 15 16 18 20 7 8
9 : 5 12 6 17 18 21
6 : 12 9 13 14 10 16 17 19 7 8
10 : 12 13 6 15 16 18 20
11 : 12 13 14 16 17 19
Graph 8
1 : 12 13 14 15 16 17 18 19 20 21
12 : 1 5 9 6 10 11 19 20 21 4
13 : 1 5 6 10 11 17 18 21
14 : 1 9 6 11 20 4
15 : 1 16 17 19
16 : 1 5 6 10 15 11 21 2 7
17 : 1 9 13 6 15 11 20 2 7 4
18 : 1 9 13 2 7 4
19 : 1 12 6 15 11 2 3 7 8
20 : 1 12 14 17 2 3 7 8
21 : 1 12 9 13 16 2 3 7 4 8
2 : 16 17 18 19 20 21
3 : 19 20 21 7
7 : 5 6 16 17 18 19 20 21 3 4
4 : 12 14 17 18 21 7 8
8 : 5 6 19 20 21 4
5 : 12 9 13 16 7 8
9 : 5 12 6 14 17 18 21
6 : 12 9 13 14 10 16 17 19 7 8
10 : 12 13 6 16
11 : 12 13 14 16 17 19
Graph 9
1 : 12 13 14 15 16 17 18 19 20 21
12 : 1 5 9 6 10 11 19 20 21 4
13 : 1 5 6 10 11 17 18 21
14 : 1 9 6 11 18 20 4
15 : 1 16 17 19
16 : 1 5 6 10 15 11 21 2 7
17 : 1 9 13 6 15 11 20 2 7 4
18 : 1 5 9 13 14 10 19 2 7 4
19 : 1 12 6 15 11 18 2 3 7 8
20 : 1 12 14 17 2 3 7 8
21 : 1 12 9 13 16 2 3 7 4 8
2 : 16 17 18 19 20 21
3 : 19 20 21 7
7 : 5 6 16 17 18 19 20 21 3 4
4 : 12 14 17 18 21 7 8
8 : 5 6 19 20 21 4
5 : 12 9 13 16 18 7 8
9 : 5 12 6 14 17 18 21
6 : 12 9 13 14 10 16 17 19 7 8
10 : 12 13 6 16 18
11 : 12 13 14 16 17 19
Graph 10
1 : 12 13 14 15 16 17 18 19 20 21
12 : 1 5 9 6 10 11 19 20 21 4
13 : 1 5 6 10 11 18 21
14 : 1 6 11 16 18 20
15 : 1 5 9 10 19 4
16 : 1 5 6 14 10 11 21 2 7
17 : 1 6 11 20 2 7
18 : 1 5 9 13 14 10 19 2 7 4
19 : 1 12 6 15 11 18 2 3 7 8
20 : 1 5 12 14 10 17 2 3 7 8
21 : 1 12 9 13 16 2 3 7 4 8
2 : 16 17 18 19 20 21
3 : 19 20 21 7
7 : 5 6 16 17 18 19 20 21 3 4
4 : 12 15 18 21 7 8
8 : 5 6 19 20 21 4
5 : 12 9 13 15 16 18 20 7 8
9 : 5 12 6 15 18 21
6 : 12 9 13 14 10 16 17 19 7 8
10 : 12 13 6 15 16 18 20
11 : 12 13 14 16 17 19
Graph 11
1 : 12 13 14 15 16 17 18 19 20 21
12 : 1 5 9 6 10 11 19 20 21 4
13 : 1 5 6 10 11 17 18 21
14 : 1 6 11 16 18 20
15 : 1 5 9 10 19 4
16 : 1 5 6 14 10 11 21 2 7
17 : 1 9 13 6 11 2 7 4
18 : 1 5 9 13 14 10 19 2 7 4
19 : 1 12 6 15 11 18 2 3 7 8
20 : 1 5 12 14 10 2 3 7 8
21 : 1 12 9 13 16 2 3 7 4 8
2 : 16 17 18 19 20 21
3 : 19 20 21 7
7 : 5 6 16 17 18 19 20 21 3 4
4 : 12 15 17 18 21 7 8
8 : 5 6 19 20 21 4
5 : 12 9 13 15 16 18 20 7 8
9 : 5 12 6 15 17 18 21
6 : 12 9 13 14 10 16 17 19 7 8
10 : 12 13 6 15 16 18 20
11 : 12 13 14 16 17 19
Graph 12
1 : 12 13 14 15 16 17 18 19 20 21
12 : 1 5 9 6 10 11 19 20 21 4
13 : 1 5 6 10 11 17 18 21
14 : 1 9 6 11 20 4
15 : 1 9 17 4
16 : 1 5 6 10 11 21 2 7
17 : 1 9 13 6 15 11 20 2 7 4
18 : 1 9 13 2 7 4
19 : 1 12 6 11 2 3 7 8
20 : 1 12 14 17 2 3 7 8
21 : 1 12 9 13 16 2 3 7 4 8
2 : 16 17 18 19 20 21
3 : 19 20 21 7
7 : 5 6 16 17 18 19 20 21 3 4
4 : 12 14 15 17 18 21 7 8
8 : 5 6 19 20 21 4
5 : 12 9 13 16 7 8
9 : 5 12 6 14 15 17 18 21
6 : 12 9 13 14 10 16 17 19 7 8
10 : 12 13 6 16
11 : 12 13 14 16 17 19
Graph 13
1 : 12 13 14 15 16 17 18 19 20 21
12 : 1 5 9 6 10 11 19 20 21 4
13 : 1 5 6 10 11 17 18 21
14 : 1 9 6 11 18 20 4
15 : 1 9 17 4
16 : 1 5 6 10 11 21 2 7
17 : 1 9 13 6 15 11 20 2 7 4
18 : 1 5 9 13 14 10 19 2 7 4
19 : 1 12 6 11 18 2 3 7 8
20 : 1 12 14 17 2 3 7 8
21 : 1 12 9 13 16 2 3 7 4 8
2 : 16 17 18 19 20 21
3 : 19 20 21 7
7 : 5 6 16 17 18 19 20 21 3 4
4 : 12 14 15 17 18 21 7 8
8 : 5 6 19 20 21 4
5 : 12 9 13 16 18 7 8
9 : 5 12 6 14 15 17 18 21
6 : 12 9 13 14 10 16 17 19 7 8
10 : 12 13 6 16 18
11 : 12 13 14 16 17 19
Graph 14
1 : 12 13 14 15 16 17 18 19 20 21
12 : 1 5 9 6 10 11 19 20 21 4
13 : 1 5 6 10 11 17 18 21
14 : 1 9 6 11 18 20 4
15 : 1 5 9 10 19 4
16 : 1 5 6 10 11 21 2 7
17 : 1 9 13 6 11 20 2 7 4
18 : 1 5 9 13 14 10 19 2 7 4
19 : 1 12 6 15 11 18 2 3 7 8
20 : 1 12 14 17 2 3 7 8
21 : 1 12 9 13 16 2 3 7 4 8
2 : 16 17 18 19 20 21
3 : 19 20 21 7
7 : 5 6 16 17 18 19 20 21 3 4
4 : 12 14 15 17 18 21 7 8
8 : 5 6 19 20 21 4
5 : 12 9 13 15 16 18 7 8
9 : 5 12 6 14 15 17 18 21
6 : 12 9 13 14 10 16 17 19 7 8
10 : 12 13 6 15 16 18
11 : 12 13 14 16 17 19
Graph 15
1 : 12 13 14 15 16 17 18 19 20 21
12 : 1 5 9 6 10 11 19 20 21 4
13 : 1 5 6 10 11 17 18 21 3 8
14 : 1 6 11 16 20
15 : 1 16 17 19
16 : 1 5 6 14 10 15 11 21 2 7
17 : 1 13 6 15 11 20 2 7
18 : 1 13 19 2 7
19 : 1 12 6 15 11 18 2 3 7 8
20 : 1 5 12 14 10 17 2 3 7 8
21 : 1 12 9 13 16 2 3 7 4 8
2 : 16 17 18 19 20 21
3 : 13 19 20 21 7
7 : 5 6 16 17 18 19 20 21 3 4
4 : 12 21 7 8
8 : 5 13 6 19 20 21 4
5 : 12 9 13 16 20 7 8
9 : 5 12 6 21
6 : 12 9 13 14 10 16 17 19 7 8
10 : 12 13 6 16 20
11 : 12 13 14 16 17 19
Graph 16
1 : 12 13 14 15 16 17 18 19 20 21
12 : 1 5 9 6 10 11 19 20 21 4
13 : 1 5 6 10 11 17 18 21 3 8
14 : 1 6 11 16 18 20
15 : 1 16 17 19
16 : 1 5 6 14 10 15 11 21 2 7
17 : 1 13 6 15 11 20 2 7
18 : 1 5 13 14 10 2 7
19 : 1 12 6 15 11 2 3 7 8
20 : 1 5 12 14 10 17 2 3 7 8
21 : 1 12 9 13 16 2 3 7 4 8
2 : 16 17 18 19 20 21
3 : 13 19 20 21 7
7 : 5 6 16 17 18 19 20 21 3 4
4 : 12 21 7 8
8 : 5 13 6 19 20 21 4
5 : 12 9 13 16 18 20 7 8
9 : 5 12 6 21
6 : 12 9 13 14 10 16 17 19 7 8
10 : 12 13 6 16 18 20
11 : 12 13 14 16 17 19
Graph 17
1 : 12 13 14 15 16 17 18 19 20 21
12 : 1 5 9 6 10 11 19 20 21 4
13 : 1 5 6 10 11 17 18 21 3 8
14 : 1 6 11 16 18 20
15 : 1 5 10 16
16 : 1 5 6 14 10 15 11 21 2 7
17 : 1 13 6 11 20 2 7
18 : 1 5 13 14 10 2 7
19 : 1 12 6 11 2 3 7 8
20 : 1 5 12 14 10 17 2 3 7 8
21 : 1 12 9 13 16 2 3 7 4 8
2 : 16 17 18 19 20 21
3 : 13 19 20 21 7
7 : 5 6 16 17 18 19 20 21 3 4
4 : 12 21 7 8
8 : 5 13 6 19 20 21 4
5 : 12 9 13 15 16 18 20 7 8
9 : 5 12 6 21
6 : 12 9 13 14 10 16 17 19 7 8
10 : 12 13 6 15 16 18 20
11 : 12 13 14 16 17 19
Graph 18
1 : 12 13 14 15 16 17 18 19 20 21
12 : 1 5 9 6 10 11 19 20 21 4
13 : 1 5 6 10 11 18 21
14 : 1 6 11 16 18 20
15 : 1 5 9 10 16 17 19 3 4 8
16 : 1 5 6 14 10 15 11 21 2 7
17 : 1 6 15 11 20 2 7
18 : 1 5 9 13 14 10 19 2 7 4
19 : 1 12 6 15 11 18 2 3 7 8
20 : 1 5 12 14 10 17 2 3 7 8
21 : 1 12 9 13 16 2 3 7 4 8
2 : 16 17 18 19 20 21
3 : 15 19 20 21 7
7 : 5 6 16 17 18 19 20 21 3 4
4 : 12 15 18 21 7 8
8 : 5 6 15 19 20 21 4
5 : 12 9 13 15 16 18 20 7 8
9 : 5 12 6 15 18 21
6 : 12 9 13 14 10 16 17 19 7 8
10 : 12 13 6 15 16 18 20
11 : 12 13 14 16 17 19
Graph 19
1 : 12 13 14 15 16 17 18 19 20 21
12 : 1 5 9 6 10 11 19 20 21 4
13 : 1 5 6 10 11 17 18 21
14 : 1 6 11 16 18 20
15 : 1 5 9 10 16 17 19 3 4 8
16 : 1 5 6 14 10 15 11 21 2 7
17 : 1 9 13 6 15 11 2 7 4
18 : 1 5 9 13 14 10 19 2 7 4
19 : 1 12 6 15 11 18 2 3 7 8
20 : 1 5 12 14 10 2 3 7 8
21 : 1 12 9 13 16 2 3 7 4 8
2 : 16 17 18 19 20 21
3 : 15 19 20 21 7
7 : 5 6 16 17 18 19 20 21 3 4
4 : 12 15 17 18 21 7 8
8 : 5 6 15 19 20 21 4
5 : 12 9 13 15 16 18 20 7 8
9 : 5 12 6 15 17 18 21
6 : 12 9 13 14 10 16 17 19 7 8
10 : 12 13 6 15 16 18 20
11 : 12 13 14 16 17 19
Graph 20
1 : 12 13 14 15 16 17 18 19 20 21
12 : 1 5 9 6 10 11 19 20 21 4
13 : 1 5 6 10 11 17 18 21
14 : 1 9 6 11 18 20 4
15 : 1 5 9 10 16 17 19 3 4 8
16 : 1 5 6 10 15 11 21 2 7
17 : 1 9 13 6 15 11 20 2 7 4
18 : 1 5 9 13 14 10 19 2 7 4
19 : 1 12 6 15 11 18 2 3 7 8
20 : 1 12 14 17 2 3 7 8
21 : 1 12 9 13 16 2 3 7 4 8
2 : 16 17 18 19 20 21
3 : 15 19 20 21 7
7 : 5 6 16 17 18 19 20 21 3 4
4 : 12 14 15 17 18 21 7 8
8 : 5 6 15 19 20 21 4
5 : 12 9 13 15 16 18 7 8
9 : 5 12 6 14 15 17 18 21
6 : 12 9 13 14 10 16 17 19 7 8
10 : 12 13 6 15 16 18
11 : 12 13 14 16 17 19
Graph 21
1 : 12 13 14 15 16 17 18 19 20 21
12 : 1 5 9 6 10 11 19 20 21 4
13 : 1 5 6 10 11 17 18 21
14 : 1 9 6 11 18 4
15 : 1 5 9 10 16 17 19 3 4 8
16 : 1 5 6 10 15 11 21 2 7
17 : 1 9 13 6 15 11 2 7 4
18 : 1 5 9 13 14 10 19 2 7 4
19 : 1 12 6 15 11 18 2 3 7 8
20 : 1 5 12 10 2 3 7 8
21 : 1 12 9 13 16 2 3 7 4 8
2 : 16 17 18 19 20 21
3 : 15 19 20 21 7
7 : 5 6 16 17 18 19 20 21 3 4
4 : 12 14 15 17 18 21 7 8
8 : 5 6 15 19 20 21 4
5 : 12 9 13 15 16 18 20 7 8
9 : 5 12 6 14 15 17 18 21
6 : 12 9 13 14 10 16 17 19 7 8
10 : 12 13 6 15 16 18 20
11 : 12 13 14 16 17 19
Graph 22
1 : 12 13 14 15 16 17 18 19 20 21
12 : 1 5 9 6 10 11 19 20 21 4
13 : 1 5 6 10 11 17 18 21 3 8
14 : 1 6 11 16 18 20
15 : 1 5 10 17 3 8
16 : 1 5 6 14 10 11 21 2 7
17 : 1 13 6 15 11 20 2 7
18 : 1 5 13 14 10 2 7
19 : 1 12 6 11 2 3 7 8
20 : 1 5 12 14 10 17 2 3 7 8
21 : 1 12 9 13 16 2 3 7 4 8
2 : 16 17 18 19 20 21
3 : 13 15 19 20 21 7
7 : 5 6 16 17 18 19 20 21 3 4
4 : 12 21 7 8
8 : 5 13 6 15 19 20 21 4
5 : 12 9 13 15 16 18 20 7 8
9 : 5 12 6 21
6 : 12 9 13 14 10 16 17 19 7 8
10 : 12 13 6 15 16 18 20
11 : 12 13 14 16 17 19
Graph 23
1 : 12 13 14 15 16 17 18 19 20 21
12 : 1 5 9 6 10 11 19 20 21 4
13 : 1 5 6 10 11 17 18 21 3 8
14 : 1 6 11 16 18 20
15 : 1 5 9 10 16 17 19 3 4 8
16 : 1 5 6 14 10 15 11 21 2 7
17 : 1 13 6 15 11 20 2 7
18 : 1 5 13 14 10 2 7
19 : 1 12 6 15 11 2 3 7 8
20 : 1 5 12 14 10 17 2 3 7 8
21 : 1 12 9 13 16 2 3 7 4 8
2 : 16 17 18 19 20 21
3 : 13 15 19 20 21 7
7 : 5 6 16 17 18 19 20 21 3 4
4 : 12 15 21 7 8
8 : 5 13 6 15 19 20 21 4
5 : 12 9 13 15 16 18 20 7 8
9 : 5 12 6 15 21
6 : 12 9 13 14 10 16 17 19 7 8
10 : 12 13 6 15 16 18 20
11 : 12 13 14 16 17 19
Graph 24
1 : 12 13 14 15 16 17 18 19 20 21
12 : 1 5 9 6 10 11 19 20 21 4
13 : 1 5 6 10 11 17 21 3 8
14 : 1 6 11 16 18 20
15 : 1 5 9 10 16 17 19 3 4 8
16 : 1 5 6 14 10 15 11 21 2 7
17 : 1 13 6 15 11 20 2 7
18 : 1 5 9 14 10 19 2 7 4
19 : 1 12 6 15 11 18 2 3 7 8
20 : 1 5 12 14 10 17 2 3 7 8
21 : 1 12 9 13 16 2 3 7 4 8
2 : 16 17 18 19 20 21
3 : 13 15 19 20 21 7
7 : 5 6 16 17 18 19 20 21 3 4
4 : 12 15 18 21 7 8
8 : 5 13 6 15 19 20 21 4
5 : 12 9 13 15 16 18 20 7 8
9 : 5 12 6 15 18 21
6 : 12 9 13 14 10 16 17 19 7 8
10 : 12 13 6 15 16 18 20
11 : 12 13 14 16 17 19
Graph 25
1 : 12 13 14 15 16 17 18 19 20 21
12 : 1 5 9 6 10 11 19 20 21 4
13 : 1 5 6 10 11 17 18 21
14 : 1 9 6 11 16 20 3 4 8
15 : 1 5 9 10 16 17 19 3 4 8
16 : 1 5 6 14 10 15 11 21 2 7
17 : 1 9 13 6 15 11 20 2 7 4
18 : 1 5 9 13 10 19 2 7 4
19 : 1 12 6 15 11 18 2 3 7 8
20 : 1 12 14 17 2 3 7 8
21 : 1 12 9 13 16 2 3 7 4 8
2 : 16 17 18 19 20 21
3 : 14 15 19 20 21 7
7 : 5 6 16 17 18 19 20 21 3 4
4 : 12 14 15 17 18 21 7 8
8 : 5 6 14 15 19 20 21 4
5 : 12 9 13 15 16 18 7 8
9 : 5 12 6 14 15 17 18 21
6 : 12 9 13 14 10 16 17 19 7 8
10 : 12 13 6 15 16 18
11 : 12 13 14 16 17 19
Graph 26
1 : 12 13 14 15 16 17 18 19 20 21
12 : 1 5 9 6 10 11 19 20 21 4
13 : 1 5 6 10 11 17 18 21
14 : 1 9 6 11 16 3 4 8
15 : 1 5 9 10 16 17 19 3 4 8
16 : 1 5 6 14 10 15 11 21 2 7
17 : 1 9 13 6 15 11 2 7 4
18 : 1 5 9 13 10 19 2 7 4
19 : 1 12 6 15 11 18 2 3 7 8
20 : 1 5 12 10 2 3 7 8
21 : 1 12 9 13 16 2 3 7 4 8
2 : 16 17 18 19 20 21
3 : 14 15 19 20 21 7
7 : 5 6 16 17 18 19 20 21 3 4
4 : 12 14 15 17 18 21 7 8
8 : 5 6 14 15 19 20 21 4
5 : 12 9 13 15 16 18 20 7 8
9 : 5 12 6 14 15 17 18 21
6 : 12 9 13 14 10 16 17 19 7 8
10 : 12 13 6 15 16 18 20
11 : 12 13 14 16 17 19
Graph 27
1 : 12 13 14 15 16 17 18 19 20 21
12 : 1 5 9 6 10 11 19 20 21 4
13 : 1 5 6 10 11 17 18 21 3 8
14 : 1 6 11 20 3 8
15 : 1 5 10 17 3 8
16 : 1 5 6 10 11 21 2 7
17 : 1 13 6 15 11 20 2 7
18 : 1 5 13 10 2 7
19 : 1 12 6 11 2 3 7 8
20 : 1 5 12 14 10 17 2 3 7 8
21 : 1 12 9 13 16 2 3 7 4 8
2 : 16 17 18 19 20 21
3 : 13 14 15 19 20 21 7
7 : 5 6 16 17 18 19 20 21 3 4
4 : 12 21 7 8
8 : 5 13 6 14 15 19 20 21 4
5 : 12 9 13 15 16 18 20 7 8
9 : 5 12 6 21
6 : 12 9 13 14 10 16 17 19 7 8
10 : 12 13 6 15 16 18 20
11 : 12 13 14 16 17 19
Graph 28
1 : 12 13 14 15 16 17 18 19 20 21
12 : 1 5 9 6 10 11 19 20 21 4
13 : 1 5 6 10 11 17 18 21 3 8
14 : 1 6 11 20 3 8
15 : 1 5 9 10 16 17 19 3 4 8
16 : 1 5 6 10 15 11 21 2 7
17 : 1 13 6 15 11 20 2 7
18 : 1 5 13 10 2 7
19 : 1 12 6 15 11 2 3 7 8
20 : 1 5 12 14 10 17 2 3 7 8
21 : 1 12 9 13 16 2 3 7 4 8
2 : 16 17 18 19 20 21
3 : 13 14 15 19 20 21 7
7 : 5 6 16 17 18 19 20 21 3 4
4 : 12 15 21 7 8
8 : 5 13 6 14 15 19 20 21 4
5 : 12 9 13 15 16 18 20 7 8
9 : 5 12 6 15 21
6 : 12 9 13 14 10 16 17 19 7 8
10 : 12 13 6 15 16 18 20
11 : 12 13 14 16 17 19
Graph 29
1 : 12 13 14 15 16 17 18 19 20 21
12 : 1 5 9 6 10 11 19 20 21 4
13 : 1 5 6 10 11 17 21 3 8
14 : 1 6 11 20 3 8
15 : 1 5 9 10 16 17 19 3 4 8
16 : 1 5 6 10 15 11 21 2 7
17 : 1 13 6 15 11 20 2 7
18 : 1 5 9 10 19 2 7 4
19 : 1 12 6 15 11 18 2 3 7 8
20 : 1 5 12 14 10 17 2 3 7 8
21 : 1 12 9 13 16 2 3 7 4 8
2 : 16 17 18 19 20 21
3 : 13 14 15 19 20 21 7
7 : 5 6 16 17 18 19 20 21 3 4
4 : 12 15 18 21 7 8
8 : 5 13 6 14 15 19 20 21 4
5 : 12 9 13 15 16 18 20 7 8
9 : 5 12 6 15 18 21
6 : 12 9 13 14 10 16 17 19 7 8
10 : 12 13 6 15 16 18 20
11 : 12 13 14 16 17 19
Graph 30
1 : 12 13 14 15 16 17 18 19 20 21
12 : 1 5 9 6 10 11 19 20 21 4
13 : 1 5 6 10 11 17 21 3 8
14 : 1 9 6 11 16 3 4 8
15 : 1 5 9 10 16 17 19 3 4 8
16 : 1 5 6 14 10 15 11 21 2 7
17 : 1 13 6 15 11 20 2 7
18 : 1 5 9 10 19 2 7 4
19 : 1 12 6 15 11 18 2 3 7 8
20 : 1 5 12 10 17 2 3 7 8
21 : 1 12 9 13 16 2 3 7 4 8
2 : 16 17 18 19 20 21
3 : 13 14 15 19 20 21 7
7 : 5 6 16 17 18 19 20 21 3 4
4 : 12 14 15 18 21 7 8
8 : 5 13 6 14 15 19 20 21 4
5 : 12 9 13 15 16 18 20 7 8
9 : 5 12 6 14 15 18 21
6 : 12 9 13 14 10 16 17 19 7 8
10 : 12 13 6 15 16 18 20
11 : 12 13 14 16 17 19
Graph 31
1 : 12 13 14 15 16 17 18 19 20 21
12 : 1 5 9 6 10 11 19 20 21 4
13 : 1 5 6 10 11 21 3 8
14 : 1 9 6 11 16 3 4 8
15 : 1 5 9 10 16 17 19 3 4 8
16 : 1 5 6 14 10 15 11 21 2 7
17 : 1 9 6 15 11 2 7 4
18 : 1 5 9 10 19 2 7 4
19 : 1 12 6 15 11 18 2 3 7 8
20 : 1 5 12 10 2 3 7 8
21 : 1 12 9 13 16 2 3 7 4 8
2 : 16 17 18 19 20 21
3 : 13 14 15 19 20 21 7
7 : 5 6 16 17 18 19 20 21 3 4
4 : 12 14 15 17 18 21 7 8
8 : 5 13 6 14 15 19 20 21 4
5 : 12 9 13 15 16 18 20 7 8
9 : 5 12 6 14 15 17 18 21
6 : 12 9 13 14 10 16 17 19 7 8
10 : 12 13 6 15 16 18 20
11 : 12 13 14 16 17 19
Graph 32
1 : 12 13 14 15 16 17 18 19 20 21
12 : 1 5 9 11 6 10 19 20 21 4
13 : 1 5 11 6 10 17 18 21
14 : 1 6 16 18 20
15 : 1 5 9 10 19 4
16 : 1 5 11 14 6 10 21 2 7
17 : 1 9 13 6 2 7 4
18 : 1 5 9 13 14 10 19 2 7 4
19 : 1 12 6 15 18 2 3 7 8
20 : 1 5 12 14 10 2 3 7 8
21 : 1 12 9 13 16 2 3 7 4 8
2 : 16 17 18 19 20 21
3 : 19 20 21 7
7 : 5 6 16 17 18 19 20 21 3 4
4 : 12 15 17 18 21 7 8
8 : 5 6 19 20 21 4
5 : 12 9 13 11 15 16 18 20 7 8
9 : 5 12 6 15 17 18 21
11 : 5 12 13 16
6 : 12 9 13 14 10 16 17 19 7 8
10 : 12 13 6 15 16 18 20
Graph 33
1 : 12 13 14 15 16 17 18 19 20 21
12 : 1 5 9 11 6 10 19 20 21 4
13 : 1 5 11 6 10 17 18 21 3 8
14 : 1 6 16 18 20
15 : 1 5 10 16
16 : 1 5 11 14 6 15 10 21 2 7
17 : 1 13 6 20 2 7
18 : 1 5 13 14 10 2 7
19 : 1 12 6 2 3 7 8
20 : 1 5 12 14 10 17 2 3 7 8
21 : 1 12 9 13 16 2 3 7 4 8
2 : 16 17 18 19 20 21
3 : 13 19 20 21 7
7 : 5 6 16 17 18 19 20 21 3 4
4 : 12 21 7 8
8 : 5 13 6 19 20 21 4
5 : 12 9 13 11 15 16 18 20 7 8
9 : 5 12 6 21
11 : 5 12 13 16
6 : 12 9 13 14 10 16 17 19 7 8
10 : 12 13 6 15 16 18 20
Graph 34
1 : 12 13 14 15 16 17 18 19 20 21
12 : 1 5 9 11 6 10 19 20 21 4
13 : 1 5 11 6 10 18 21
14 : 1 6 16 18 20
15 : 1 5 9 10 16 17 19 3 4 8
16 : 1 5 11 14 6 15 10 21 2 7
17 : 1 6 15 20 2 7
18 : 1 5 9 13 14 10 19 2 7 4
19 : 1 12 6 15 18 2 3 7 8
20 : 1 5 12 14 10 17 2 3 7 8
21 : 1 12 9 13 16 2 3 7 4 8
2 : 16 17 18 19 20 21
3 : 15 19 20 21 7
7 : 5 6 16 17 18 19 20 21 3 4
4 : 12 15 18 21 7 8
8 : 5 6 15 19 20 21 4
5 : 12 9 13 11 15 16 18 20 7 8
9 : 5 12 6 15 18 21
11 : 5 12 13 16
6 : 12 9 13 14 10 16 17 19 7 8
10 : 12 13 6 15 16 18 20
Graph 35
1 : 12 13 14 15 16 17 18 19 20 21
12 : 1 5 9 11 6 10 19 20 21 4
13 : 1 5 11 6 10 17 18 21
14 : 1 6 16 18 20
15 : 1 5 9 10 16 17 19 3 4 8
16 : 1 5 11 14 6 15 10 21 2 7
17 : 1 9 13 6 15 2 7 4
18 : 1 5 9 13 14 10 19 2 7 4
19 : 1 12 6 15 18 2 3 7 8
20 : 1 5 12 14 10 2 3 7 8
21 : 1 12 9 13 16 2 3 7 4 8
2 : 16 17 18 19 20 21
3 : 15 19 20 21 7
7 : 5 6 16 17 18 19 20 21 3 4
4 : 12 15 17 18 21 7 8
8 : 5 6 15 19 20 21 4
5 : 12 9 13 11 15 16 18 20 7 8
9 : 5 12 6 15 17 18 21
11 : 5 12 13 16
6 : 12 9 13 14 10 16 17 19 7 8
10 : 12 13 6 15 16 18 20
Graph 36
1 : 12 13 14 15 16 17 18 19 20 21
12 : 1 5 9 11 6 10 19 20 21 4
13 : 1 5 11 6 10 17 18 21
14 : 1 9 6 18 4
15 : 1 5 9 10 16 17 19 3 4 8
16 : 1 5 11 6 15 10 21 2 7
17 : 1 9 13 6 15 2 7 4
18 : 1 5 9 13 14 10 19 2 7 4
19 : 1 12 6 15 18 2 3 7 8
20 : 1 5 12 10 2 3 7 8
21 : 1 12 9 13 16 2 3 7 4 8
2 : 16 17 18 19 20 21
3 : 15 19 20 21 7
7 : 5 6 16 17 18 19 20 21 3 4
4 : 12 14 15 17 18 21 7 8
8 : 5 6 15 19 20 21 4
5 : 12 9 13 11 15 16 18 20 7 8
9 : 5 12 14 6 15 17 18 21
11 : 5 12 13 16
6 : 12 9 13 14 10 16 17 19 7 8
10 : 12 13 6 15 16 18 20
Graph 37
1 : 12 13 14 15 16 17 18 19 20 21
12 : 1 5 9 11 6 10 19 20 21 4
13 : 1 5 11 6 10 17 18 21 3 8
14 : 1 6 16 18 20
15 : 1 5 10 17 3 8
16 : 1 5 11 14 6 10 21 2 7
17 : 1 13 6 15 20 2 7
18 : 1 5 13 14 10 2 7
19 : 1 12 6 2 3 7 8
20 : 1 5 12 14 10 17 2 3 7 8
21 : 1 12 9 13 16 2 3 7 4 8
2 : 16 17 18 19 20 21
3 : 13 15 19 20 21 7
7 : 5 6 16 17 18 19 20 21 3 4
4 : 12 21 7 8
8 : 5 13 6 15 19 20 21 4
5 : 12 9 13 11 15 16 18 20 7 8
9 : 5 12 6 21
11 : 5 12 13 16
6 : 12 9 13 14 10 16 17 19 7 8
10 : 12 13 6 15 16 18 20
Graph 38
1 : 12 13 14 15 16 17 18 19 20 21
12 : 1 5 9 11 6 10 19 20 21 4
13 : 1 5 11 6 10 17 18 21 3 8
14 : 1 6 16 18 20
15 : 1 5 9 10 16 17 19 3 4 8
16 : 1 5 11 14 6 15 10 21 2 7
17 : 1 13 6 15 20 2 7
18 : 1 5 13 14 10 2 7
19 : 1 12 6 15 2 3 7 8
20 : 1 5 12 14 10 17 2 3 7 8
21 : 1 12 9 13 16 2 3 7 4 8
2 : 16 17 18 19 20 21
3 : 13 15 19 20 21 7
7 : 5 6 16 17 18 19 20 21 3 4
4 : 12 15 21 7 8
8 : 5 13 6 15 19 20 21 4
5 : 12 9 13 11 15 16 18 20 7 8
9 : 5 12 6 15 21
11 : 5 12 13 16
6 : 12 9 13 14 10 16 17 19 7 8
10 : 12 13 6 15 16 18 20
Graph 39
1 : 12 13 14 15 16 17 18 19 20 21
12 : 1 5 9 11 6 10 19 20 21 4
13 : 1 5 11 6 10 17 21 3 8
14 : 1 6 16 18 20
15 : 1 5 9 10 16 17 19 3 4 8
16 : 1 5 11 14 6 15 10 21 2 7
17 : 1 13 6 15 20 2 7
18 : 1 5 9 14 10 19 2 7 4
19 : 1 12 6 15 18 2 3 7 8
20 : 1 5 12 14 10 17 2 3 7 8
21 : 1 12 9 13 16 2 3 7 4 8
2 : 16 17 18 19 20 21
3 : 13 15 19 20 21 7
7 : 5 6 16 17 18 19 20 21 3 4
4 : 12 15 18 21 7 8
8 : 5 13 6 15 19 20 21 4
5 : 12 9 13 11 15 16 18 20 7 8
9 : 5 12 6 15 18 21
11 : 5 12 13 16
6 : 12 9 13 14 10 16 17 19 7 8
10 : 12 13 6 15 16 18 20
Graph 40
1 : 12 13 14 15 16 17 18 19 20 21
12 : 1 5 9 11 6 10 19 20 21 4
13 : 1 5 11 6 10 17 18 21
14 : 1 9 6 16 3 4 8
15 : 1 5 9 10 16 17 19 3 4 8
16 : 1 5 11 14 6 15 10 21 2 7
17 : 1 9 13 6 15 2 7 4
18 : 1 5 9 13 10 19 2 7 4
19 : 1 12 6 15 18 2 3 7 8
20 : 1 5 12 10 2 3 7 8
21 : 1 12 9 13 16 2 3 7 4 8
2 : 16 17 18 19 20 21
3 : 14 15 19 20 21 7
7 : 5 6 16 17 18 19 20 21 3 4
4 : 12 14 15 17 18 21 7 8
8 : 5 14 6 15 19 20 21 4
5 : 12 9 13 11 15 16 18 20 7 8
9 : 5 12 14 6 15 17 18 21
11 : 5 12 13 16
6 : 12 9 13 14 10 16 17 19 7 8
10 : 12 13 6 15 16 18 20
Graph 41
1 : 12 13 14 15 16 17 18 19 20 21
12 : 1 5 9 11 6 10 19 20 21 4
13 : 1 5 11 6 10 17 18 21 3 8
14 : 1 6 20 3 8
15 : 1 5 9 10 16 17 19 3 4 8
16 : 1 5 11 6 15 10 21 2 7
17 : 1 13 6 15 20 2 7
18 : 1 5 13 10 2 7
19 : 1 12 6 15 2 3 7 8
20 : 1 5 12 14 10 17 2 3 7 8
21 : 1 12 9 13 16 2 3 7 4 8
2 : 16 17 18 19 20 21
3 : 13 14 15 19 20 21 7
7 : 5 6 16 17 18 19 20 21 3 4
4 : 12 15 21 7 8
8 : 5 13 14 6 15 19 20 21 4
5 : 12 9 13 11 15 16 18 20 7 8
9 : 5 12 6 15 21
11 : 5 12 13 16
6 : 12 9 13 14 10 16 17 19 7 8
10 : 12 13 6 15 16 18 20
Graph 42
1 : 12 13 14 15 16 17 18 19 20 21
12 : 1 5 9 11 6 10 19 20 21 4
13 : 1 5 11 6 10 17 21 3 8
14 : 1 6 20 3 8
15 : 1 5 9 10 16 17 19 3 4 8
16 : 1 5 11 6 15 10 21 2 7
17 : 1 13 6 15 20 2 7
18 : 1 5 9 10 19 2 7 4
19 : 1 12 6 15 18 2 3 7 8
20 : 1 5 12 14 10 17 2 3 7 8
21 : 1 12 9 13 16 2 3 7 4 8
2 : 16 17 18 19 20 21
3 : 13 14 15 19 20 21 7
7 : 5 6 16 17 18 19 20 21 3 4
4 : 12 15 18 21 7 8
8 : 5 13 14 6 15 19 20 21 4
5 : 12 9 13 11 15 16 18 20 7 8
9 : 5 12 6 15 18 21
11 : 5 12 13 16
6 : 12 9 13 14 10 16 17 19 7 8
10 : 12 13 6 15 16 18 20
Graph 43
1 : 12 13 14 15 16 17 18 19 20 21
12 : 1 5 9 11 6 10 19 20 21 4
13 : 1 5 11 6 10 17 18 21 3 8
14 : 1 9 6 16 3 4 8
15 : 1 5 9 10 16 17 19 3 4 8
16 : 1 5 11 14 6 15 10 21 2 7
17 : 1 13 6 15 20 2 7
18 : 1 5 13 10 2 7
19 : 1 12 6 15 2 3 7 8
20 : 1 5 12 10 17 2 3 7 8
21 : 1 12 9 13 16 2 3 7 4 8
2 : 16 17 18 19 20 21
3 : 13 14 15 19 20 21 7
7 : 5 6 16 17 18 19 20 21 3 4
4 : 12 14 15 21 7 8
8 : 5 13 14 6 15 19 20 21 4
5 : 12 9 13 11 15 16 18 20 7 8
9 : 5 12 14 6 15 21
11 : 5 12 13 16
6 : 12 9 13 14 10 16 17 19 7 8
10 : 12 13 6 15 16 18 20
Graph 44
1 : 12 13 14 15 16 17 18 19 20 21
12 : 1 5 9 11 6 10 19 20 21 4
13 : 1 5 11 6 10 17 21 3 8
14 : 1 9 6 16 3 4 8
15 : 1 5 9 10 16 17 19 3 4 8
16 : 1 5 11 14 6 15 10 21 2 7
17 : 1 13 6 15 20 2 7
18 : 1 5 9 10 19 2 7 4
19 : 1 12 6 15 18 2 3 7 8
20 : 1 5 12 10 17 2 3 7 8
21 : 1 12 9 13 16 2 3 7 4 8
2 : 16 17 18 19 20 21
3 : 13 14 15 19 20 21 7
7 : 5 6 16 17 18 19 20 21 3 4
4 : 12 14 15 18 21 7 8
8 : 5 13 14 6 15 19 20 21 4
5 : 12 9 13 11 15 16 18 20 7 8
9 : 5 12 14 6 15 18 21
11 : 5 12 13 16
6 : 12 9 13 14 10 16 17 19 7 8
10 : 12 13 6 15 16 18 20
Graph 45
1 : 12 13 14 15 16 17 18 19 20 21
12 : 1 5 9 11 6 10 19 20 21 4
13 : 1 5 11 6 10 21 3 8
14 : 1 9 6 16 3 4 8
15 : 1 5 9 10 16 17 19 3 4 8
16 : 1 5 11 14 6 15 10 21 2 7
17 : 1 9 6 15 2 7 4
18 : 1 5 9 10 19 2 7 4
19 : 1 12 6 15 18 2 3 7 8
20 : 1 5 12 10 2 3 7 8
21 : 1 12 9 13 16 2 3 7 4 8
2 : 16 17 18 19 20 21
3 : 13 14 15 19 20 21 7
7 : 5 6 16 17 18 19 20 21 3 4
4 : 12 14 15 17 18 21 7 8
8 : 5 13 14 6 15 19 20 21 4
5 : 12 9 13 11 15 16 18 20 7 8
9 : 5 12 14 6 15 17 18 21
11 : 5 12 13 16
6 : 12 9 13 14 10 16 17 19 7 8
10 : 12 13 6 15 16 18 20
Graph 46
1 : 12 13 14 15 16 17 18 19 20 21
12 : 1 10 5 9 6 11 19 20 21 4
13 : 1 5 6 11 17 18 21
14 : 1 9 6 11 16 18 20 3 4 8
15 : 1 9 17 4
16 : 1 5 14 6 11 21 2 7
17 : 1 13 9 6 15 11 20 2 7 4
18 : 1 13 9 14 2 7 4
19 : 1 12 6 11 2 3 7 8
20 : 1 10 12 14 17 2 3 7 8
21 : 1 12 13 9 16 2 3 7 4 8
2 : 16 17 18 19 20 21
3 : 14 19 20 21 7
7 : 5 6 16 17 18 19 20 21 3 4
4 : 10 12 14 15 17 18 21 7 8
8 : 5 14 6 19 20 21 4
10 : 12 6 20 4
5 : 12 13 9 16 7 8
9 : 12 5 14 6 15 17 18 21
6 : 10 12 13 9 14 16 17 19 7 8
11 : 12 13 14 16 17 19
Graph 47
1 : 12 13 14 15 16 17 18 19 20 21
12 : 1 10 5 9 6 11 19 20 21 4
13 : 1 5 6 11 17 18 21
14 : 1 9 6 11 18 20 4
15 : 1 10 5 9 16 17 19 3 4 8
16 : 1 5 6 15 11 21 2 7
17 : 1 13 9 6 15 11 20 2 7 4
18 : 1 10 5 13 9 14 19 2 7 4
19 : 1 12 6 15 11 18 2 3 7 8
20 : 1 10 12 14 17 2 3 7 8
21 : 1 12 13 9 16 2 3 7 4 8
2 : 16 17 18 19 20 21
3 : 15 19 20 21 7
7 : 5 6 16 17 18 19 20 21 3 4
4 : 10 12 14 15 17 18 21 7 8
8 : 5 6 15 19 20 21 4
10 : 12 6 15 18 20 4
5 : 12 13 9 15 16 18 7 8
9 : 12 5 14 6 15 17 18 21
6 : 10 12 13 9 14 16 17 19 7 8
11 : 12 13 14 16 17 19
Graph 48
1 : 12 13 14 15 16 17 18 19 20 21
12 : 1 10 5 9 6 11 19 20 21 4
13 : 1 5 6 11 17 18 21
14 : 1 9 6 11 16 18 20 3 4 8
15 : 1 9 16 3 4 8
16 : 1 5 14 6 15 11 21 2 7
17 : 1 13 9 6 11 20 2 7 4
18 : 1 13 9 14 2 7 4
19 : 1 12 6 11 2 3 7 8
20 : 1 10 12 14 17 2 3 7 8
21 : 1 12 13 9 16 2 3 7 4 8
2 : 16 17 18 19 20 21
3 : 14 15 19 20 21 7
7 : 5 6 16 17 18 19 20 21 3 4
4 : 10 12 14 15 17 18 21 7 8
8 : 5 14 6 15 19 20 21 4
10 : 12 6 20 4
5 : 12 13 9 16 7 8
9 : 12 5 14 6 15 17 18 21
6 : 10 12 13 9 14 16 17 19 7 8
11 : 12 13 14 16 17 19
Graph 49
1 : 12 13 14 15 16 17 18 19 20 21
12 : 1 10 5 9 6 11 19 20 21 4
13 : 1 5 6 11 17 18 21
14 : 1 9 6 11 16 18 20 3 4 8
15 : 1 10 5 9 16 17 19 3 4 8
16 : 1 5 14 6 15 11 21 2 7
17 : 1 13 9 6 15 11 20 2 7 4
18 : 1 13 9 14 2 7 4
19 : 1 12 6 15 11 2 3 7 8
20 : 1 10 12 14 17 2 3 7 8
21 : 1 12 13 9 16 2 3 7 4 8
2 : 16 17 18 19 20 21
3 : 14 15 19 20 21 7
7 : 5 6 16 17 18 19 20 21 3 4
4 : 10 12 14 15 17 18 21 7 8
8 : 5 14 6 15 19 20 21 4
10 : 12 6 15 20 4
5 : 12 13 9 15 16 7 8
9 : 12 5 14 6 15 17 18 21
6 : 10 12 13 9 14 16 17 19 7 8
11 : 12 13 14 16 17 19
Graph 50
1 : 12 13 14 15 16 17 18 19 20 21
12 : 1 10 5 9 6 11 19 20 21 4
13 : 1 5 6 11 17 18 21
14 : 1 9 6 11 16 20 3 4 8
15 : 1 10 5 9 16 17 19 3 4 8
16 : 1 5 14 6 15 11 21 2 7
17 : 1 13 9 6 15 11 20 2 7 4
18 : 1 10 5 13 9 19 2 7 4
19 : 1 12 6 15 11 18 2 3 7 8
20 : 1 10 12 14 17 2 3 7 8
21 : 1 12 13 9 16 2 3 7 4 8
2 : 16 17 18 19 20 21
3 : 14 15 19 20 21 7
7 : 5 6 16 17 18 19 20 21 3 4
4 : 10 12 14 15 17 18 21 7 8
8 : 5 14 6 15 19 20 21 4
10 : 12 6 15 18 20 4
5 : 12 13 9 15 16 18 7 8
9 : 12 5 14 6 15 17 18 21
6 : 10 12 13 9 14 16 17 19 7 8
11 : 12 13 14 16 17 19
Graph 51
1 : 12 13 14 15 16 17 18 19 20 21
12 : 1 10 5 9 6 11 19 20 21 4
13 : 1 5 6 11 18 21 3 8
14 : 1 9 6 11 16 18 20 3 4 8
15 : 1 19 3 8
16 : 1 5 14 6 11 21 2 7
17 : 1 9 6 11 20 2 7 4
18 : 1 13 14 19 2 7
19 : 1 12 6 15 11 18 2 3 7 8
20 : 1 10 12 14 17 2 3 7 8
21 : 1 12 13 9 16 2 3 7 4 8
2 : 16 17 18 19 20 21
3 : 13 14 15 19 20 21 7
7 : 5 6 16 17 18 19 20 21 3 4
4 : 10 12 14 17 21 7 8
8 : 5 13 14 6 15 19 20 21 4
10 : 12 6 20 4
5 : 12 13 9 16 7 8
9 : 12 5 14 6 17 21
6 : 10 12 13 9 14 16 17 19 7 8
11 : 12 13 14 16 17 19
Graph 52
1 : 12 13 14 15 16 17 18 19 20 21
12 : 1 10 5 9 6 11 19 20 21 4
13 : 1 5 6 11 18 21 3 8
14 : 1 9 6 11 16 18 20 3 4 8
15 : 1 9 16 3 4 8
16 : 1 5 14 6 15 11 21 2 7
17 : 1 9 6 11 20 2 7 4
18 : 1 13 14 19 2 7
19 : 1 12 6 11 18 2 3 7 8
20 : 1 10 12 14 17 2 3 7 8
21 : 1 12 13 9 16 2 3 7 4 8
2 : 16 17 18 19 20 21
3 : 13 14 15 19 20 21 7
7 : 5 6 16 17 18 19 20 21 3 4
4 : 10 12 14 15 17 21 7 8
8 : 5 13 14 6 15 19 20 21 4
10 : 12 6 20 4
5 : 12 13 9 16 7 8
9 : 12 5 14 6 15 17 21
6 : 10 12 13 9 14 16 17 19 7 8
11 : 12 13 14 16 17 19
Graph 53
1 : 12 13 14 15 16 17 18 19 20 21
12 : 1 10 5 9 6 11 19 20 21 4
13 : 1 5 6 11 18 21 3 8
14 : 1 9 6 11 16 18 20 3 4 8
15 : 1 10 5 9 16 17 19 3 4 8
16 : 1 5 14 6 15 11 21 2 7
17 : 1 9 6 15 11 20 2 7 4
18 : 1 13 14 19 2 7
19 : 1 12 6 15 11 18 2 3 7 8
20 : 1 10 12 14 17 2 3 7 8
21 : 1 12 13 9 16 2 3 7 4 8
2 : 16 17 18 19 20 21
3 : 13 14 15 19 20 21 7
7 : 5 6 16 17 18 19 20 21 3 4
4 : 10 12 14 15 17 21 7 8
8 : 5 13 14 6 15 19 20 21 4
10 : 12 6 15 20 4
5 : 12 13 9 15 16 7 8
9 : 12 5 14 6 15 17 21
6 : 10 12 13 9 14 16 17 19 7 8
11 : 12 13 14 16 17 19
Graph 54
1 : 12 13 14 15 16 17 18 19 20 21
12 : 1 10 5 9 6 11 19 20 21 4
13 : 1 5 6 11 21 3 8
14 : 1 9 6 11 16 18 20 3 4 8
15 : 1 10 5 9 16 17 19 3 4 8
16 : 1 5 14 6 15 11 21 2 7
17 : 1 9 6 15 11 20 2 7 4
18 : 1 9 14 2 7 4
19 : 1 12 6 15 11 2 3 7 8
20 : 1 10 12 14 17 2 3 7 8
21 : 1 12 13 9 16 2 3 7 4 8
2 : 16 17 18 19 20 21
3 : 13 14 15 19 20 21 7
7 : 5 6 16 17 18 19 20 21 3 4
4 : 10 12 14 15 17 18 21 7 8
8 : 5 13 14 6 15 19 20 21 4
10 : 12 6 15 20 4
5 : 12 13 9 15 16 7 8
9 : 12 5 14 6 15 17 18 21
6 : 10 12 13 9 14 16 17 19 7 8
11 : 12 13 14 16 17 19
Graph 55
1 : 12 13 14 15 16 17 18 19 20 21
12 : 1 10 5 9 6 11 19 20 21 4
13 : 1 5 6 11 21 3 8
14 : 1 9 6 11 16 20 3 4 8
15 : 1 10 5 9 16 17 19 3 4 8
16 : 1 5 14 6 15 11 21 2 7
17 : 1 9 6 15 11 20 2 7 4
18 : 1 10 5 9 19 2 7 4
19 : 1 12 6 15 11 18 2 3 7 8
20 : 1 10 12 14 17 2 3 7 8
21 : 1 12 13 9 16 2 3 7 4 8
2 : 16 17 18 19 20 21
3 : 13 14 15 19 20 21 7
7 : 5 6 16 17 18 19 20 21 3 4
4 : 10 12 14 15 17 18 21 7 8
8 : 5 13 14 6 15 19 20 21 4
10 : 12 6 15 18 20 4
5 : 12 13 9 15 16 18 7 8
9 : 12 5 14 6 15 17 18 21
6 : 10 12 13 9 14 16 17 19 7 8
11 : 12 13 14 16 17 19
Graph 56
1 : 12 13 14 15 16 17 18 19 20 21
12 : 1 11 5 9 6 10 19 20 21 4
13 : 1 5 6 10 17 18 21
14 : 1 9 6 18 4
15 : 1 5 9 10 16 17 19 3 4 8
16 : 1 5 6 15 10 21 2 7
17 : 1 13 9 6 15 2 7 4
18 : 1 5 13 9 14 10 19 2 7 4
19 : 1 11 12 6 15 18 2 3 7 8
20 : 1 12 5 10 2 3 7 8
21 : 1 12 13 9 16 2 3 7 4 8
2 : 16 17 18 19 20 21
3 : 15 19 20 21 7
7 : 5 6 16 17 18 19 20 21 3 4
4 : 11 12 14 15 17 18 21 7 8
8 : 5 6 15 19 20 21 4
11 : 12 5 19 4
5 : 11 12 13 9 15 16 18 20 7 8
9 : 12 5 14 6 15 17 18 21
6 : 12 13 9 14 10 16 17 19 7 8
10 : 12 13 6 15 16 18 20
Graph 57
1 : 12 13 14 15 16 17 18 19 20 21
12 : 1 11 5 9 6 10 19 20 21 4
13 : 1 5 6 10 17 21 3 8
14 : 1 6 16 18 20
15 : 1 5 9 10 16 17 19 3 4 8
16 : 1 5 14 6 15 10 21 2 7
17 : 1 13 6 15 20 2 7
18 : 1 5 9 14 10 19 2 7 4
19 : 1 11 12 6 15 18 2 3 7 8
20 : 1 12 5 14 10 17 2 3 7 8
21 : 1 12 13 9 16 2 3 7 4 8
2 : 16 17 18 19 20 21
3 : 13 15 19 20 21 7
7 : 5 6 16 17 18 19 20 21 3 4
4 : 11 12 15 18 21 7 8
8 : 5 13 6 15 19 20 21 4
11 : 12 5 19 4
5 : 11 12 13 9 15 16 18 20 7 8
9 : 12 5 6 15 18 21
6 : 12 13 9 14 10 16 17 19 7 8
10 : 12 13 6 15 16 18 20
Graph 58
1 : 12 13 14 15 16 17 18 19 20 21
12 : 1 11 5 9 6 10 19 20 21 4
13 : 1 5 6 10 17 18 21
14 : 1 9 6 16 3 4 8
15 : 1 5 9 10 16 17 19 3 4 8
16 : 1 5 14 6 15 10 21 2 7
17 : 1 13 9 6 15 2 7 4
18 : 1 5 13 9 10 19 2 7 4
19 : 1 11 12 6 15 18 2 3 7 8
20 : 1 12 5 10 2 3 7 8
21 : 1 12 13 9 16 2 3 7 4 8
2 : 16 17 18 19 20 21
3 : 14 15 19 20 21 7
7 : 5 6 16 17 18 19 20 21 3 4
4 : 11 12 14 15 17 18 21 7 8
8 : 5 14 6 15 19 20 21 4
11 : 12 5 19 4
5 : 11 12 13 9 15 16 18 20 7 8
9 : 12 5 14 6 15 17 18 21
6 : 12 13 9 14 10 16 17 19 7 8
10 : 12 13 6 15 16 18 20
Graph 59
1 : 12 13 14 15 16 17 18 19 20 21
12 : 1 11 5 9 6 10 19 20 21 4
13 : 1 5 6 10 17 21 3 8
14 : 1 6 20 3 8
15 : 1 5 9 10 16 17 19 3 4 8
16 : 1 5 6 15 10 21 2 7
17 : 1 13 6 15 20 2 7
18 : 1 5 9 10 19 2 7 4
19 : 1 11 12 6 15 18 2 3 7 8
20 : 1 12 5 14 10 17 2 3 7 8
21 : 1 12 13 9 16 2 3 7 4 8
2 : 16 17 18 19 20 21
3 : 13 14 15 19 20 21 7
7 : 5 6 16 17 18 19 20 21 3 4
4 : 11 12 15 18 21 7 8
8 : 5 13 14 6 15 19 20 21 4
11 : 12 5 19 4
5 : 11 12 13 9 15 16 18 20 7 8
9 : 12 5 6 15 18 21
6 : 12 13 9 14 10 16 17 19 7 8
10 : 12 13 6 15 16 18 20
Graph 60
1 : 12 13 14 15 16 17 18 19 20 21
12 : 1 11 5 9 6 10 19 20 21 4
13 : 1 5 6 10 17 21 3 8
14 : 1 9 6 16 3 4 8
15 : 1 5 9 10 16 17 19 3 4 8
16 : 1 5 14 6 15 10 21 2 7
17 : 1 13 6 15 20 2 7
18 : 1 5 9 10 19 2 7 4
19 : 1 11 12 6 15 18 2 3 7 8
20 : 1 12 5 10 17 2 3 7 8
21 : 1 12 13 9 16 2 3 7 4 8
2 : 16 17 18 19 20 21
3 : 13 14 15 19 20 21 7
7 : 5 6 16 17 18 19 20 21 3 4
4 : 11 12 14 15 18 21 7 8
8 : 5 13 14 6 15 19 20 21 4
11 : 12 5 19 4
5 : 11 12 13 9 15 16 18 20 7 8
9 : 12 5 14 6 15 18 21
6 : 12 13 9 14 10 16 17 19 7 8
10 : 12 13 6 15 16 18 20
Graph 61
1 : 12 13 14 15 16 17 18 19 20 21
12 : 1 11 5 9 6 10 19 20 21 4
13 : 1 5 6 10 21 3 8
14 : 1 9 6 16 3 4 8
15 : 1 5 9 10 16 17 19 3 4 8
16 : 1 5 14 6 15 10 21 2 7
17 : 1 9 6 15 2 7 4
18 : 1 5 9 10 19 2 7 4
19 : 1 11 12 6 15 18 2 3 7 8
20 : 1 12 5 10 2 3 7 8
21 : 1 12 13 9 16 2 3 7 4 8
2 : 16 17 18 19 20 21
3 : 13 14 15 19 20 21 7
7 : 5 6 16 17 18 19 20 21 3 4
4 : 11 12 14 15 17 18 21 7 8
8 : 5 13 14 6 15 19 20 21 4
11 : 12 5 19 4
5 : 11 12 13 9 15 16 18 20 7 8
9 : 12 5 14 6 15 17 18 21
6 : 12 13 9 14 10 16 17 19 7 8
10 : 12 13 6 15 16 18 20
Graph 62
1 : 12 13 14 15 16 17 18 19 20 21
12 : 1 10 11 5 9 6 19 20 21 4
13 : 1 5 6 17 18 21
14 : 1 11 9 6 16 18 20 3 4 8
15 : 1 10 5 9 16 17 19 3 4 8
16 : 1 5 14 15 6 21 2 7
17 : 1 11 13 9 15 6 20 2 7 4
18 : 1 13 14 9 2 7 4
19 : 1 12 15 6 2 3 7 8
20 : 1 10 12 14 17 2 3 7 8
21 : 1 12 13 9 16 2 3 7 4 8
2 : 16 17 18 19 20 21
3 : 14 15 19 20 21 7
7 : 5 6 16 17 18 19 20 21 3 4
4 : 10 12 11 14 15 17 18 21 7 8
8 : 5 14 15 6 19 20 21 4
10 : 12 15 6 20 4
11 : 12 14 17 4
5 : 12 13 9 15 16 7 8
9 : 12 5 14 15 6 17 18 21
6 : 10 12 13 14 9 16 17 19 7 8
Graph 63
1 : 12 13 14 15 16 17 18 19 20 21
12 : 1 10 11 5 9 6 19 20 21 4
13 : 1 5 6 17 18 21
14 : 1 11 9 6 16 20 3 4 8
15 : 1 10 5 9 16 17 19 3 4 8
16 : 1 5 14 15 6 21 2 7
17 : 1 11 13 9 15 6 20 2 7 4
18 : 1 10 13 5 9 19 2 7 4
19 : 1 12 15 6 18 2 3 7 8
20 : 1 10 12 14 17 2 3 7 8
21 : 1 12 13 9 16 2 3 7 4 8
2 : 16 17 18 19 20 21
3 : 14 15 19 20 21 7
7 : 5 6 16 17 18 19 20 21 3 4
4 : 10 12 11 14 15 17 18 21 7 8
8 : 5 14 15 6 19 20 21 4
10 : 12 15 6 18 20 4
11 : 12 14 17 4
5 : 12 13 9 15 16 18 7 8
9 : 12 5 14 15 6 17 18 21
6 : 10 12 13 14 9 16 17 19 7 8
Graph 64
1 : 12 13 14 15 16 17 18 19 20 21
12 : 1 10 11 5 9 6 19 20 21 4
13 : 1 5 6 21 3 8
14 : 1 11 9 6 16 18 20 3 4 8
15 : 1 10 5 9 16 17 19 3 4 8
16 : 1 5 14 15 6 21 2 7
17 : 1 11 9 15 6 20 2 7 4
18 : 1 14 9 2 7 4
19 : 1 12 15 6 2 3 7 8
20 : 1 10 12 14 17 2 3 7 8
21 : 1 12 13 9 16 2 3 7 4 8
2 : 16 17 18 19 20 21
3 : 13 14 15 19 20 21 7
7 : 5 6 16 17 18 19 20 21 3 4
4 : 10 12 11 14 15 17 18 21 7 8
8 : 13 5 14 15 6 19 20 21 4
10 : 12 15 6 20 4
11 : 12 14 17 4
5 : 12 13 9 15 16 7 8
9 : 12 5 14 15 6 17 18 21
6 : 10 12 13 14 9 16 17 19 7 8
Graph 65
1 : 12 13 14 15 16 17 18 19 20 21
12 : 1 10 11 5 9 6 19 20 21 4
13 : 1 5 6 21 3 8
14 : 1 11 9 6 16 20 3 4 8
15 : 1 10 5 9 16 17 19 3 4 8
16 : 1 5 14 15 6 21 2 7
17 : 1 11 9 15 6 20 2 7 4
18 : 1 10 5 9 19 2 7 4
19 : 1 12 15 6 18 2 3 7 8
20 : 1 10 12 14 17 2 3 7 8
21 : 1 12 13 9 16 2 3 7 4 8
2 : 16 17 18 19 20 21
3 : 13 14 15 19 20 21 7
7 : 5 6 16 17 18 19 20 21 3 4
4 : 10 12 11 14 15 17 18 21 7 8
8 : 13 5 14 15 6 19 20 21 4
10 : 12 15 6 18 20 4
11 : 12 14 17 4
5 : 12 13 9 15 16 18 7 8
9 : 12 5 14 15 6 17 18 21
6 : 10 12 13 14 9 16 17 19 7 8
Graph 66
1 : 12 13 14 15 16 17 18 19 20 21
12 : 1 10 11 5 9 6 19 20 21 4
13 : 1 5 6 21 3 8
14 : 1 9 6 16 20 3 4 8
15 : 1 10 5 9 16 17 19 3 4 8
16 : 1 5 14 15 6 21 2 7
17 : 1 9 15 6 20 2 7 4
18 : 1 10 5 9 19 2 7 4
19 : 1 12 11 15 6 18 2 3 7 8
20 : 1 10 12 14 17 2 3 7 8
21 : 1 12 13 9 16 2 3 7 4 8
2 : 16 17 18 19 20 21
3 : 13 14 15 19 20 21 7
7 : 5 6 16 17 18 19 20 21 3 4
4 : 10 12 11 14 15 17 18 21 7 8
8 : 13 5 14 15 6 19 20 21 4
10 : 12 15 6 18 20 4
11 : 12 5 19 4
5 : 12 11 13 9 15 16 18 7 8
9 : 12 5 14 15 6 17 18 21
6 : 10 12 13 14 9 16 17 19 7 8
Graph 67
1 : 12 13 14 15 16 17 18 19 20 21
12 : 1 10 11 5 9 6 19 20 21 4
13 : 1 5 6 21 3 8
14 : 1 9 6 16 3 4 8
15 : 1 10 5 9 16 17 19 3 4 8
16 : 1 5 14 15 6 21 2 7
17 : 1 9 15 6 2 7 4
18 : 1 10 5 9 19 2 7 4
19 : 1 12 11 15 6 18 2 3 7 8
20 : 1 12 5 2 3 7 8
21 : 1 12 13 9 16 2 3 7 4 8
2 : 16 17 18 19 20 21
3 : 13 14 15 19 20 21 7
7 : 5 6 16 17 18 19 20 21 3 4
4 : 10 12 11 14 15 17 18 21 7 8
8 : 13 5 14 15 6 19 20 21 4
10 : 12 15 6 18 4
11 : 12 5 19 4
5 : 12 11 13 9 15 16 18 20 7 8
9 : 12 5 14 15 6 17 18 21
6 : 10 12 13 14 9 16 17 19 7 8
Graph 68
1 : 12 13 14 15 16 17 18 19 20 21
12 : 1 5 11 6 10 19 20 21 4
13 : 1 8 5 11 6 10 17 18 21 3
14 : 1 8 6 20 3
15 : 1 8 5 10 16 17 19 3 9 4
16 : 1 5 11 6 15 10 21 2 7
17 : 1 13 6 15 20 2 7 9
18 : 1 5 13 10 2 7 9
19 : 1 8 12 6 15 2 3 7
20 : 1 8 12 5 14 10 17 2 3 7
21 : 1 8 12 13 16 2 3 7 9 4
2 : 16 17 18 19 20 21
3 : 13 14 15 19 20 21 7 9
7 : 5 6 16 17 18 19 20 21 3 4
9 : 5 6 15 17 18 21 3
4 : 8 12 15 21 7
8 : 5 13 14 6 15 19 20 21 4
5 : 8 12 13 11 15 16 18 20 7 9
11 : 12 5 13 16
6 : 8 12 13 14 10 16 17 19 7 9
10 : 12 13 6 15 16 18 20
Graph 69
1 : 12 13 14 15 16 17 18 19 20 21
12 : 1 5 11 6 10 19 20 21 4
13 : 1 8 5 11 6 10 17 18 21 3
14 : 1 8 6 16 3 9 4
15 : 1 8 5 10 16 17 19 3 9 4
16 : 1 5 11 14 6 15 10 21 2 7
17 : 1 13 6 15 20 2 7 9
18 : 1 5 13 10 2 7 9
19 : 1 8 12 6 15 2 3 7
20 : 1 8 12 5 10 17 2 3 7
21 : 1 8 12 13 16 2 3 7 9 4
2 : 16 17 18 19 20 21
3 : 13 14 15 19 20 21 7 9
7 : 5 6 16 17 18 19 20 21 3 4
9 : 5 14 6 15 17 18 21 3
4 : 8 12 14 15 21 7
8 : 5 13 14 6 15 19 20 21 4
5 : 8 12 13 11 15 16 18 20 7 9
11 : 12 5 13 16
6 : 8 12 13 14 10 16 17 19 7 9
10 : 12 13 6 15 16 18 20
Graph 70
1 : 12 13 14 15 16 17 18 19 20 21
12 : 1 5 9 6 11 19 20 21 4
13 : 1 5 6 11 17 18 21
14 : 1 8 9 6 11 16 18 20 3 4
15 : 1 8 9 16 3 4
16 : 1 5 14 6 15 11 21 2 7 10
17 : 1 13 9 6 11 20 2 7 4
18 : 1 13 9 14 2 7 10 4
19 : 1 8 12 6 11 2 3 7
20 : 1 8 12 14 17 2 3 7 10
21 : 1 8 12 13 9 16 2 3 7 4
2 : 16 17 18 19 20 21
3 : 14 15 19 20 21 7 10
7 : 5 6 16 17 18 19 20 21 3 4
10 : 6 16 18 20 3 4
4 : 8 12 14 15 17 18 21 7 10
8 : 5 14 6 15 19 20 21 4
5 : 8 12 13 9 16 7
9 : 12 5 14 6 15 17 18 21
6 : 8 12 13 9 14 16 17 19 7 10
11 : 12 13 14 16 17 19
Graph 71
1 : 12 13 14 15 16 17 18 19 20 21
12 : 1 5 9 6 11 19 20 21 4
13 : 1 5 6 11 17 18 21
14 : 1 8 9 6 11 16 18 20 3 4
15 : 1 8 5 9 16 17 19 3 10 4
16 : 1 5 14 6 15 11 21 2 7 10
17 : 1 13 9 6 15 11 20 2 7 4
18 : 1 13 9 14 2 7 10 4
19 : 1 8 12 6 15 11 2 3 7
20 : 1 8 12 14 17 2 3 7 10
21 : 1 8 12 13 9 16 2 3 7 4
2 : 16 17 18 19 20 21
3 : 14 15 19 20 21 7 10
7 : 5 6 16 17 18 19 20 21 3 4
10 : 6 15 16 18 20 3 4
4 : 8 12 14 15 17 18 21 7 10
8 : 5 14 6 15 19 20 21 4
5 : 8 12 13 9 15 16 7
9 : 12 5 14 6 15 17 18 21
6 : 8 12 13 9 14 16 17 19 7 10
11 : 12 13 14 16 17 19
Graph 72
1 : 12 13 14 15 16 17 18 19 20 21
12 : 1 5 9 6 11 19 20 21 4
13 : 1 8 5 6 11 21 3
14 : 1 8 9 6 11 16 18 20 3 4
15 : 1 8 5 9 16 17 19 3 10 4
16 : 1 5 14 6 15 11 21 2 7 10
17 : 1 9 6 15 11 20 2 7 4
18 : 1 9 14 2 7 10 4
19 : 1 8 12 6 15 11 2 3 7
20 : 1 8 12 14 17 2 3 7 10
21 : 1 8 12 13 9 16 2 3 7 4
2 : 16 17 18 19 20 21
3 : 13 14 15 19 20 21 7 10
7 : 5 6 16 17 18 19 20 21 3 4
10 : 6 15 16 18 20 3 4
4 : 8 12 14 15 17 18 21 7 10
8 : 5 13 14 6 15 19 20 21 4
5 : 8 12 13 9 15 16 7
9 : 12 5 14 6 15 17 18 21
6 : 8 12 13 9 14 16 17 19 7 10
11 : 12 13 14 16 17 19
Graph 73
1 : 12 13 14 15 16 17 18 19 20 21
12 : 1 5 9 6 10 19 20 21 4
13 : 1 8 5 6 10 17 21 3
14 : 1 8 6 20 3
15 : 1 8 5 9 10 16 17 19 3 4
16 : 1 5 6 15 10 21 2 7 11
17 : 1 13 6 15 20 2 7 11
18 : 1 5 9 10 19 2 7 4
19 : 1 8 12 6 15 18 2 3 7 11
20 : 1 8 12 5 14 10 17 2 3 7
21 : 1 8 12 13 9 16 2 3 7 4
2 : 16 17 18 19 20 21
3 : 13 14 15 19 20 21 7 11
7 : 5 6 16 17 18 19 20 21 3 4
11 : 5 16 17 19 3 4
4 : 8 12 15 18 21 7 11
8 : 5 13 14 6 15 19 20 21 4
5 : 8 12 13 9 15 16 18 20 7 11
9 : 12 5 6 15 18 21
6 : 8 12 13 9 14 10 16 17 19 7
10 : 12 13 6 15 16 18 20
Graph 74
1 : 12 13 14 15 16 17 18 19 20 21
12 : 1 5 9 6 10 19 20 21 4
13 : 1 8 5 6 10 17 21 3
14 : 1 8 9 6 16 3 4
15 : 1 8 5 9 10 16 17 19 3 4
16 : 1 5 14 6 15 10 21 2 7 11
17 : 1 13 6 15 20 2 7 11
18 : 1 5 9 10 19 2 7 4
19 : 1 8 12 6 15 18 2 3 7 11
20 : 1 8 12 5 10 17 2 3 7
21 : 1 8 12 13 9 16 2 3 7 4
2 : 16 17 18 19 20 21
3 : 13 14 15 19 20 21 7 11
7 : 5 6 16 17 18 19 20 21 3 4
11 : 5 16 17 19 3 4
4 : 8 12 14 15 18 21 7 11
8 : 5 13 14 6 15 19 20 21 4
5 : 8 12 13 9 15 16 18 20 7 11
9 : 12 5 14 6 15 18 21
6 : 8 12 13 9 14 10 16 17 19 7
10 : 12 13 6 15 16 18 20
Graph 75
1 : 12 13 14 15 16 17 18 19 20 21
12 : 1 11 5 9 6 19 20 21 4
13 : 1 8 5 6 21 3
14 : 1 8 11 9 6 16 18 20 3 4
15 : 1 8 5 9 16 17 19 3 10 4
16 : 1 5 14 15 6 21 2 7 10
17 : 1 11 9 15 6 20 2 7 4
18 : 1 14 9 2 7 10 4
19 : 1 8 12 15 6 2 3 7
20 : 1 8 12 14 17 2 3 7 10
21 : 1 8 12 13 9 16 2 3 7 4
2 : 16 17 18 19 20 21
3 : 13 14 15 19 20 21 7 10
7 : 5 6 16 17 18 19 20 21 3 4
10 : 15 6 16 18 20 3 4
4 : 8 12 11 14 15 17 18 21 7 10
8 : 13 5 14 15 6 19 20 21 4
11 : 12 14 17 4
5 : 8 12 13 9 15 16 7
9 : 12 5 14 15 6 17 18 21
6 : 8 12 13 14 9 16 17 19 7 10
Graph 76
1 : 12 13 14 15 16 17 18 19 20 21
12 : 1 10 5 9 6 19 20 21 4
13 : 1 8 5 6 21 3
14 : 1 8 9 6 16 20 3 4
15 : 1 8 10 5 9 16 17 19 3 4
16 : 1 5 14 15 6 21 2 7 11
17 : 1 9 15 6 20 2 7 11 4
18 : 1 10 5 9 19 2 7 4
19 : 1 8 12 15 6 18 2 3 7 11
20 : 1 8 12 10 14 17 2 3 7
21 : 1 8 12 13 9 16 2 3 7 4
2 : 16 17 18 19 20 21
3 : 13 14 15 19 20 21 7 11
7 : 5 6 16 17 18 19 20 21 3 4
11 : 5 16 17 19 3 4
4 : 8 12 10 14 15 17 18 21 7 11
8 : 13 5 14 15 6 19 20 21 4
10 : 12 15 6 18 20 4
5 : 8 12 13 9 15 16 18 7 11
9 : 12 5 14 15 6 17 18 21
6 : 8 12 10 13 14 9 16 17 19 7
Graph 77
1 : 12 13 14 15 16 17 18 19 20 21
12 : 1 5 9 11 6 10 19 20 21 4
13 : 1 5 11 6 10 18 21 8
14 : 1 6 16 18 20 8
15 : 1 5 10 16 8
16 : 1 5 11 14 6 15 10 21 2 7
17 : 1 6 20 2 7
18 : 1 5 9 13 14 10 19 2 7 4
19 : 1 12 6 18 2 8 3 7
20 : 1 5 12 14 10 17 2 8 3 7
21 : 1 12 9 13 16 2 8 3 7 4
2 : 16 17 18 19 20 21 8
8 : 5 13 14 6 15 19 20 21 2 4
3 : 19 20 21 7
7 : 5 6 16 17 18 19 20 21 3 4
4 : 12 18 21 8 7
5 : 12 9 13 11 15 16 18 20 8 7
9 : 5 12 6 18 21
11 : 5 12 13 16
6 : 12 9 13 14 10 16 17 19 8 7
10 : 12 13 6 15 16 18 20
Graph 78
1 : 12 13 14 15 16 17 18 19 20 21
12 : 1 5 9 11 6 10 19 20 21 4
13 : 1 5 11 6 10 17 18 21 8
14 : 1 6 16 18 20 8
15 : 1 5 10 16 8
16 : 1 5 11 14 6 15 10 21 2 7
17 : 1 9 13 6 2 7 4
18 : 1 5 9 13 14 10 19 2 7 4
19 : 1 12 6 18 2 8 3 7
20 : 1 5 12 14 10 2 8 3 7
21 : 1 12 9 13 16 2 8 3 7 4
2 : 16 17 18 19 20 21 8
8 : 5 13 14 6 15 19 20 21 2 4
3 : 19 20 21 7
7 : 5 6 16 17 18 19 20 21 3 4
4 : 12 17 18 21 8 7
5 : 12 9 13 11 15 16 18 20 8 7
9 : 5 12 6 17 18 21
11 : 5 12 13 16
6 : 12 9 13 14 10 16 17 19 8 7
10 : 12 13 6 15 16 18 20
Graph 79
1 : 12 13 14 15 16 17 18 19 20 21
12 : 1 5 9 11 6 10 19 20 21 4
13 : 1 5 11 6 10 17 18 21 8
14 : 1 6 16 18 20 8
15 : 1 5 9 10 19 8 4
16 : 1 5 11 14 6 10 21 2 7
17 : 1 9 13 6 2 7 4
18 : 1 5 9 13 14 10 19 2 7 4
19 : 1 12 6 15 18 2 8 3 7
20 : 1 5 12 14 10 2 8 3 7
21 : 1 12 9 13 16 2 8 3 7 4
2 : 16 17 18 19 20 21 8
8 : 5 13 14 6 15 19 20 21 2 4
3 : 19 20 21 7
7 : 5 6 16 17 18 19 20 21 3 4
4 : 12 15 17 18 21 8 7
5 : 12 9 13 11 15 16 18 20 8 7
9 : 5 12 6 15 17 18 21
11 : 5 12 13 16
6 : 12 9 13 14 10 16 17 19 8 7
10 : 12 13 6 15 16 18 20
Graph 80
1 : 12 13 14 15 16 17 18 19 20 21
12 : 1 5 9 11 6 10 19 20 21 4
13 : 1 5 11 6 10 17 18 21 8
14 : 1 9 6 18 8 4
15 : 1 5 9 10 19 8 4
16 : 1 5 11 6 10 21 2 7
17 : 1 9 13 6 2 7 4
18 : 1 5 9 13 14 10 19 2 7 4
19 : 1 12 6 15 18 2 8 3 7
20 : 1 5 12 10 2 8 3 7
21 : 1 12 9 13 16 2 8 3 7 4
2 : 16 17 18 19 20 21 8
8 : 5 13 14 6 15 19 20 21 2 4
3 : 19 20 21 7
7 : 5 6 16 17 18 19 20 21 3 4
4 : 12 14 15 17 18 21 8 7
5 : 12 9 13 11 15 16 18 20 8 7
9 : 5 12 14 6 15 17 18 21
11 : 5 12 13 16
6 : 12 9 13 14 10 16 17 19 8 7
10 : 12 13 6 15 16 18 20
Graph 81
1 : 12 13 14 15 16 17 18 19 20 21
12 : 1 11 5 9 6 10 19 20 21 4
13 : 1 5 6 10 18 21 8
14 : 1 6 16 18 20 8
15 : 1 5 9 10 19 8 4
16 : 1 5 14 6 10 21 2 7
17 : 1 6 20 2 7
18 : 1 5 13 9 14 10 19 2 7 4
19 : 1 11 12 6 15 18 2 8 3 7
20 : 1 12 5 14 10 17 2 8 3 7
21 : 1 12 13 9 16 2 8 3 7 4
2 : 16 17 18 19 20 21 8
8 : 5 13 14 6 15 19 20 21 2 4
3 : 19 20 21 7
7 : 5 6 16 17 18 19 20 21 3 4
4 : 11 12 15 18 21 8 7
11 : 12 5 19 4
5 : 11 12 13 9 15 16 18 20 8 7
9 : 12 5 6 15 18 21
6 : 12 13 9 14 10 16 17 19 8 7
10 : 12 13 6 15 16 18 20
Graph 82
1 : 12 13 14 15 16 17 18 19 20 21
12 : 1 11 5 9 6 10 19 20 21 4
13 : 1 5 6 10 17 18 21 8
14 : 1 6 16 18 20 8
15 : 1 5 9 10 19 8 4
16 : 1 5 14 6 10 21 2 7
17 : 1 13 9 6 2 7 4
18 : 1 5 13 9 14 10 19 2 7 4
19 : 1 11 12 6 15 18 2 8 3 7
20 : 1 12 5 14 10 2 8 3 7
21 : 1 12 13 9 16 2 8 3 7 4
2 : 16 17 18 19 20 21 8
8 : 5 13 14 6 15 19 20 21 2 4
3 : 19 20 21 7
7 : 5 6 16 17 18 19 20 21 3 4
4 : 11 12 15 17 18 21 8 7
11 : 12 5 19 4
5 : 11 12 13 9 15 16 18 20 8 7
9 : 12 5 6 15 17 18 21
6 : 12 13 9 14 10 16 17 19 8 7
10 : 12 13 6 15 16 18 20
Graph 83
1 : 12 13 14 15 16 17 18 19 20 21
12 : 1 10 11 5 9 6 19 20 21 4
13 : 1 5 6 17 18 21 8
14 : 1 11 9 6 18 20 8 4
15 : 1 9 17 8 4
16 : 1 5 6 21 2 7
17 : 1 11 13 9 15 6 20 2 7 4
18 : 1 10 13 5 14 9 19 2 7 4
19 : 1 12 6 18 2 8 3 7
20 : 1 10 12 14 17 2 8 3 7
21 : 1 12 13 9 16 2 8 3 7 4
2 : 16 17 18 19 20 21 8
8 : 13 5 14 15 6 19 20 21 2 4
3 : 19 20 21 7
7 : 5 6 16 17 18 19 20 21 3 4
4 : 10 12 11 14 15 17 18 21 8 7
10 : 12 6 18 20 4
11 : 12 14 17 4
5 : 12 13 9 16 18 8 7
9 : 12 5 14 15 6 17 18 21
6 : 10 12 13 14 9 16 17 19 8 7
Graph 84
1 : 12 13 14 15 16 17 18 19 20 21
12 : 1 10 11 5 9 6 19 20 21 4
13 : 1 5 6 17 18 21 8
14 : 1 11 9 6 18 20 8 4
15 : 1 10 5 9 19 8 4
16 : 1 5 6 21 2 7
17 : 1 11 13 9 6 20 2 7 4
18 : 1 10 13 5 14 9 19 2 7 4
19 : 1 12 15 6 18 2 8 3 7
20 : 1 10 12 14 17 2 8 3 7
21 : 1 12 13 9 16 2 8 3 7 4
2 : 16 17 18 19 20 21 8
8 : 13 5 14 15 6 19 20 21 2 4
3 : 19 20 21 7
7 : 5 6 16 17 18 19 20 21 3 4
4 : 10 12 11 14 15 17 18 21 8 7
10 : 12 15 6 18 20 4
11 : 12 14 17 4
5 : 12 13 9 15 16 18 8 7
9 : 12 5 14 15 6 17 18 21
6 : 10 12 13 14 9 16 17 19 8 7
Graph 85
1 : 12 13 14 15 16 17 18 19 20 21
12 : 1 10 11 5 9 6 19 20 21 4
13 : 1 5 6 17 18 21 8
14 : 1 9 6 18 20 8 4
15 : 1 10 5 9 19 8 4
16 : 1 5 6 21 2 7
17 : 1 13 9 6 20 2 7 4
18 : 1 10 13 5 14 9 19 2 7 4
19 : 1 12 11 15 6 18 2 8 3 7
20 : 1 10 12 14 17 2 8 3 7
21 : 1 12 13 9 16 2 8 3 7 4
2 : 16 17 18 19 20 21 8
8 : 13 5 14 15 6 19 20 21 2 4
3 : 19 20 21 7
7 : 5 6 16 17 18 19 20 21 3 4
4 : 10 12 11 14 15 17 18 21 8 7
10 : 12 15 6 18 20 4
11 : 12 5 19 4
5 : 12 11 13 9 15 16 18 8 7
9 : 12 5 14 15 6 17 18 21
6 : 10 12 13 14 9 16 17 19 8 7
Graph 86
1 : 12 13 14 15 16 17 18 19 20 21
12 : 1 5 9 6 10 19 20 21 11 4
13 : 1 5 6 10 18 21 11
14 : 1 6 16 18 20 11
15 : 1 8 5 9 10 16 17 19 3 4
16 : 1 5 14 6 15 10 21 2 11 7
17 : 1 6 15 20 2 11 7
18 : 1 5 13 9 14 10 19 2 7 4
19 : 1 8 12 6 15 18 2 11 3 7
20 : 1 8 12 5 14 10 17 2 3 7
21 : 1 8 12 13 9 16 2 3 7 4
2 : 16 17 18 19 20 21 11
11 : 12 5 13 14 16 17 19 2 3 4
3 : 15 19 20 21 11 7
7 : 5 6 16 17 18 19 20 21 3 4
4 : 8 12 15 18 21 11 7
8 : 5 6 15 19 20 21 4
5 : 8 12 13 9 15 16 18 20 11 7
9 : 12 5 6 15 18 21
6 : 8 12 13 9 14 10 16 17 19 7
10 : 12 13 6 15 16 18 20
Graph 87
1 : 12 13 14 15 16 17 18 19 20 21
12 : 1 5 9 6 10 19 20 21 11 4
13 : 1 5 6 10 17 18 21 11
14 : 1 6 16 18 20 11
15 : 1 8 5 9 10 16 17 19 3 4
16 : 1 5 14 6 15 10 21 2 11 7
17 : 1 13 9 6 15 2 11 7 4
18 : 1 5 13 9 14 10 19 2 7 4
19 : 1 8 12 6 15 18 2 11 3 7
20 : 1 8 12 5 14 10 2 3 7
21 : 1 8 12 13 9 16 2 3 7 4
2 : 16 17 18 19 20 21 11
11 : 12 5 13 14 16 17 19 2 3 4
3 : 15 19 20 21 11 7
7 : 5 6 16 17 18 19 20 21 3 4
4 : 8 12 15 17 18 21 11 7
8 : 5 6 15 19 20 21 4
5 : 8 12 13 9 15 16 18 20 11 7
9 : 12 5 6 15 17 18 21
6 : 8 12 13 9 14 10 16 17 19 7
10 : 12 13 6 15 16 18 20
Graph 88
1 : 12 13 14 15 16 17 18 19 20 21
12 : 1 5 9 6 10 19 20 21 11 4
13 : 1 5 6 10 17 18 21 11
14 : 1 9 6 18 11 4
15 : 1 8 5 9 10 16 17 19 3 4
16 : 1 5 6 15 10 21 2 11 7
17 : 1 13 9 6 15 2 11 7 4
18 : 1 5 13 9 14 10 19 2 7 4
19 : 1 8 12 6 15 18 2 11 3 7
20 : 1 8 12 5 10 2 3 7
21 : 1 8 12 13 9 16 2 3 7 4
2 : 16 17 18 19 20 21 11
11 : 12 5 13 14 16 17 19 2 3 4
3 : 15 19 20 21 11 7
7 : 5 6 16 17 18 19 20 21 3 4
4 : 8 12 14 15 17 18 21 11 7
8 : 5 6 15 19 20 21 4
5 : 8 12 13 9 15 16 18 20 11 7
9 : 12 5 14 6 15 17 18 21
6 : 8 12 13 9 14 10 16 17 19 7
10 : 12 13 6 15 16 18 20
Graph 89
1 : 12 13 14 15 16 17 18 19 20 21
12 : 1 5 9 6 10 19 20 21 11 4
13 : 1 5 6 10 17 18 21 11
14 : 1 8 9 6 16 11 3 4
15 : 1 8 5 9 10 16 17 19 3 4
16 : 1 5 14 6 15 10 21 2 11 7
17 : 1 13 9 6 15 2 11 7 4
18 : 1 5 13 9 10 19 2 7 4
19 : 1 8 12 6 15 18 2 11 3 7
20 : 1 8 12 5 10 2 3 7
21 : 1 8 12 13 9 16 2 3 7 4
2 : 16 17 18 19 20 21 11
11 : 12 5 13 14 16 17 19 2 3 4
3 : 14 15 19 20 21 11 7
7 : 5 6 16 17 18 19 20 21 3 4
4 : 8 12 14 15 17 18 21 11 7
8 : 5 14 6 15 19 20 21 4
5 : 8 12 13 9 15 16 18 20 11 7
9 : 12 5 14 6 15 17 18 21
6 : 8 12 13 9 14 10 16 17 19 7
10 : 12 13 6 15 16 18 20
Graph 90
1 : 12 13 14 15 16 17 18 19 20 21
12 : 1 5 9 6 10 19 20 21 11 4
13 : 1 8 5 6 10 21 11 3
14 : 1 8 9 6 16 11 3 4
15 : 1 8 5 9 10 16 17 19 3 4
16 : 1 5 14 6 15 10 21 2 11 7
17 : 1 9 6 15 2 11 7 4
18 : 1 5 9 10 19 2 7 4
19 : 1 8 12 6 15 18 2 11 3 7
20 : 1 8 12 5 10 2 3 7
21 : 1 8 12 13 9 16 2 3 7 4
2 : 16 17 18 19 20 21 11
11 : 12 5 13 14 16 17 19 2 3 4
3 : 13 14 15 19 20 21 11 7
7 : 5 6 16 17 18 19 20 21 3 4
4 : 8 12 14 15 17 18 21 11 7
8 : 5 13 14 6 15 19 20 21 4
5 : 8 12 13 9 15 16 18 20 11 7
9 : 12 5 14 6 15 17 18 21
6 : 8 12 13 9 14 10 16 17 19 7
10 : 12 13 6 15 16 18 20
Graph 91
1 : 12 13 14 15 16 17 18 19 20 21
12 : 1 10 5 9 6 19 20 21 11 4
13 : 1 5 6 17 18 21 11
14 : 1 9 6 18 20 11 4
15 : 1 8 10 5 9 16 17 19 3 4
16 : 1 5 15 6 21 2 11 7
17 : 1 13 9 15 6 20 2 11 7 4
18 : 1 10 13 5 14 9 19 2 7 4
19 : 1 8 12 15 6 18 2 11 3 7
20 : 1 8 12 10 14 17 2 3 7
21 : 1 8 12 13 9 16 2 3 7 4
2 : 16 17 18 19 20 21 11
11 : 12 13 5 14 16 17 19 2 3 4
3 : 15 19 20 21 11 7
7 : 5 6 16 17 18 19 20 21 3 4
4 : 8 12 10 14 15 17 18 21 11 7
8 : 5 15 6 19 20 21 4
10 : 12 15 6 18 20 4
5 : 8 12 13 9 15 16 18 11 7
9 : 12 5 14 15 6 17 18 21
6 : 8 12 10 13 14 9 16 17 19 7
Graph 92
1 : 12 13 14 15 16 17 18 19 20 21
12 : 1 10 5 9 6 19 20 21 11 4
13 : 1 5 6 17 18 21 11
14 : 1 9 6 18 11 4
15 : 1 8 10 5 9 16 17 19 3 4
16 : 1 5 15 6 21 2 11 7
17 : 1 13 9 15 6 2 11 7 4
18 : 1 10 13 5 14 9 19 2 7 4
19 : 1 8 12 15 6 18 2 11 3 7
20 : 1 8 12 5 2 3 7
21 : 1 8 12 13 9 16 2 3 7 4
2 : 16 17 18 19 20 21 11
11 : 12 13 5 14 16 17 19 2 3 4
3 : 15 19 20 21 11 7
7 : 5 6 16 17 18 19 20 21 3 4
4 : 8 12 10 14 15 17 18 21 11 7
8 : 5 15 6 19 20 21 4
10 : 12 15 6 18 4
5 : 8 12 13 9 15 16 18 20 11 7
9 : 12 5 14 15 6 17 18 21
6 : 8 12 10 13 14 9 16 17 19 7
Graph 93
1 : 12 13 14 15 16 17 18 19 20 21
12 : 1 10 5 9 6 19 20 21 11 4
13 : 1 5 6 17 18 21 11
14 : 1 8 9 6 16 20 11 3 4
15 : 1 8 10 5 9 16 17 19 3 4
16 : 1 5 14 15 6 21 2 11 7
17 : 1 13 9 15 6 20 2 11 7 4
18 : 1 10 13 5 9 19 2 7 4
19 : 1 8 12 15 6 18 2 11 3 7
20 : 1 8 12 10 14 17 2 3 7
21 : 1 8 12 13 9 16 2 3 7 4
2 : 16 17 18 19 20 21 11
11 : 12 13 5 14 16 17 19 2 3 4
3 : 14 15 19 20 21 11 7
7 : 5 6 16 17 18 19 20 21 3 4
4 : 8 12 10 14 15 17 18 21 11 7
8 : 5 14 15 6 19 20 21 4
10 : 12 15 6 18 20 4
5 : 8 12 13 9 15 16 18 11 7
9 : 12 5 14 15 6 17 18 21
6 : 8 12 10 13 14 9 16 17 19 7
Graph 94
1 : 12 13 14 15 16 17 18 19 20 21
12 : 1 10 5 9 6 19 20 21 11 4
13 : 1 5 6 17 18 21 11
14 : 1 8 9 6 16 11 3 4
15 : 1 8 10 5 9 16 17 19 3 4
16 : 1 5 14 15 6 21 2 11 7
17 : 1 13 9 15 6 2 11 7 4
18 : 1 10 13 5 9 19 2 7 4
19 : 1 8 12 15 6 18 2 11 3 7
20 : 1 8 12 5 2 3 7
21 : 1 8 12 13 9 16 2 3 7 4
2 : 16 17 18 19 20 21 11
11 : 12 13 5 14 16 17 19 2 3 4
3 : 14 15 19 20 21 11 7
7 : 5 6 16 17 18 19 20 21 3 4
4 : 8 12 10 14 15 17 18 21 11 7
8 : 5 14 15 6 19 20 21 4
10 : 12 15 6 18 4
5 : 8 12 13 9 15 16 18 20 11 7
9 : 12 5 14 15 6 17 18 21
6 : 8 12 10 13 14 9 16 17 19 7
Graph 95
1 : 12 13 14 15 16 17 18 19 20 21
12 : 1 10 5 9 6 19 20 21 11 4
13 : 1 8 5 6 21 11 3
14 : 1 8 9 6 16 20 11 3 4
15 : 1 8 10 5 9 16 17 19 3 4
16 : 1 5 14 15 6 21 2 11 7
17 : 1 9 15 6 20 2 11 7 4
18 : 1 10 5 9 19 2 7 4
19 : 1 8 12 15 6 18 2 11 3 7
20 : 1 8 12 10 14 17 2 3 7
21 : 1 8 12 13 9 16 2 3 7 4
2 : 16 17 18 19 20 21 11
11 : 12 13 5 14 16 17 19 2 3 4
3 : 13 14 15 19 20 21 11 7
7 : 5 6 16 17 18 19 20 21 3 4
4 : 8 12 10 14 15 17 18 21 11 7
8 : 13 5 14 15 6 19 20 21 4
10 : 12 15 6 18 20 4
5 : 8 12 13 9 15 16 18 11 7
9 : 12 5 14 15 6 17 18 21
6 : 8 12 10 13 14 9 16 17 19 7
Graph 96
1 : 12 13 14 15 16 17 18 19 20 21
12 : 1 10 5 9 6 19 20 21 11 4
13 : 1 8 5 6 21 11 3
14 : 1 8 9 6 16 11 3 4
15 : 1 8 10 5 9 16 17 19 3 4
16 : 1 5 14 15 6 21 2 11 7
17 : 1 9 15 6 2 11 7 4
18 : 1 10 5 9 19 2 7 4
19 : 1 8 12 15 6 18 2 11 3 7
20 : 1 8 12 5 2 3 7
21 : 1 8 12 13 9 16 2 3 7 4
2 : 16 17 18 19 20 21 11
11 : 12 13 5 14 16 17 19 2 3 4
3 : 13 14 15 19 20 21 11 7
7 : 5 6 16 17 18 19 20 21 3 4
4 : 8 12 10 14 15 17 18 21 11 7
8 : 13 5 14 15 6 19 20 21 4
10 : 12 15 6 18 4
5 : 8 12 13 9 15 16 18 20 11 7
9 : 12 5 14 15 6 17 18 21
6 : 8 12 10 13 14 9 16 17 19 7
Graph 97
1 : 12 13 14 15 16 17 18 19 20 21
12 : 1 4 5 6 10 19 20 21 11
13 : 1 8 5 6 10 17 18 21 11 3
14 : 1 6 16 18 20 11
15 : 1 4 8 5 10 16 17 19 3 9
16 : 1 5 14 6 15 10 21 2 11 7
17 : 1 13 6 15 20 2 11 7 9
18 : 1 13 5 14 10 2 7 9
19 : 1 12 8 6 15 2 11 3 7
20 : 1 12 8 5 14 10 17 2 3 7
21 : 1 4 12 8 13 16 2 3 7 9
2 : 16 17 18 19 20 21 11
11 : 4 12 13 5 14 16 17 19 2 3
3 : 13 15 19 20 21 11 7 9
7 : 4 5 6 16 17 18 19 20 21 3
9 : 5 6 15 17 18 21 3
4 : 12 8 15 21 11 7
8 : 4 13 5 6 15 19 20 21
5 : 12 8 13 15 16 18 20 11 7 9
6 : 12 8 13 14 10 16 17 19 7 9
10 : 12 13 6 15 16 18 20
Graph 98
1 : 12 13 14 15 16 17 18 19 20 21
12 : 1 4 5 6 10 19 20 21 11
13 : 1 8 5 6 10 17 18 21 11 3
14 : 1 8 6 20 11 3
15 : 1 4 8 5 10 16 17 19 3 9
16 : 1 5 6 15 10 21 2 11 7
17 : 1 13 6 15 20 2 11 7 9
18 : 1 13 5 10 2 7 9
19 : 1 12 8 6 15 2 11 3 7
20 : 1 12 8 5 14 10 17 2 3 7
21 : 1 4 12 8 13 16 2 3 7 9
2 : 16 17 18 19 20 21 11
11 : 4 12 13 5 14 16 17 19 2 3
3 : 13 14 15 19 20 21 11 7 9
7 : 4 5 6 16 17 18 19 20 21 3
9 : 5 6 15 17 18 21 3
4 : 12 8 15 21 11 7
8 : 4 13 5 14 6 15 19 20 21
5 : 12 8 13 15 16 18 20 11 7 9
6 : 12 8 13 14 10 16 17 19 7 9
10 : 12 13 6 15 16 18 20
Graph 99
1 : 12 13 14 15 16 17 18 19 20 21
12 : 1 4 5 6 10 19 20 21 11
13 : 1 8 5 6 10 17 18 21 11 3
14 : 1 4 8 6 16 11 3 9
15 : 1 4 8 5 10 16 17 19 3 9
16 : 1 5 14 6 15 10 21 2 11 7
17 : 1 13 6 15 20 2 11 7 9
18 : 1 13 5 10 2 7 9
19 : 1 12 8 6 15 2 11 3 7
20 : 1 12 8 5 10 17 2 3 7
21 : 1 4 12 8 13 16 2 3 7 9
2 : 16 17 18 19 20 21 11
11 : 4 12 13 5 14 16 17 19 2 3
3 : 13 14 15 19 20 21 11 7 9
7 : 4 5 6 16 17 18 19 20 21 3
9 : 5 14 6 15 17 18 21 3
4 : 12 8 14 15 21 11 7
8 : 4 13 5 14 6 15 19 20 21
5 : 12 8 13 15 16 18 20 11 7 9
6 : 12 8 13 14 10 16 17 19 7 9
10 : 12 13 6 15 16 18 20
Graph 100
1 : 12 13 14 15 16 17 18 19 20 21
12 : 1 4 5 9 6 19 20 21 11
13 : 1 5 6 17 18 21 11
14 : 1 4 8 9 6 16 18 20 11 3
15 : 1 4 8 5 9 16 17 19 3 10
16 : 1 5 14 15 6 21 2 11 7 10
17 : 1 4 13 9 15 6 20 2 11 7
18 : 1 4 13 14 9 2 7 10
19 : 1 12 8 15 6 2 11 3 7
20 : 1 12 8 14 17 2 3 7 10
21 : 1 4 12 8 13 9 16 2 3 7
2 : 16 17 18 19 20 21 11
11 : 4 12 13 5 14 16 17 19 2 3
3 : 14 15 19 20 21 11 7 10
7 : 4 5 6 16 17 18 19 20 21 3
10 : 4 15 6 16 18 20 3
4 : 12 8 14 15 17 18 21 11 7 10
8 : 4 5 14 15 6 19 20 21
5 : 12 8 13 9 15 16 11 7
9 : 12 5 14 15 6 17 18 21
6 : 12 8 13 14 9 16 17 19 7 10
Graph 101
1 : 12 13 14 15 16 17 18 19 20 21
12 : 1 4 5 9 6 19 20 21 11
13 : 1 5 6 17 18 21 11
14 : 1 4 8 9 6 16 20 11 3
15 : 1 4 8 5 9 16 17 19 3 10
16 : 1 5 14 15 6 21 2 11 7 10
17 : 1 4 13 9 15 6 20 2 11 7
18 : 1 4 13 5 9 19 2 7
19 : 1 12 8 15 6 18 2 11 3 7
20 : 1 12 8 14 17 2 3 7 10
21 : 1 4 12 8 13 9 16 2 3 7
2 : 16 17 18 19 20 21 11
11 : 4 12 13 5 14 16 17 19 2 3
3 : 14 15 19 20 21 11 7 10
7 : 4 5 6 16 17 18 19 20 21 3
10 : 4 15 6 16 20 3
4 : 12 8 14 15 17 18 21 11 7 10
8 : 4 5 14 15 6 19 20 21
5 : 12 8 13 9 15 16 18 11 7
9 : 12 5 14 15 6 17 18 21
6 : 12 8 13 14 9 16 17 19 7 10
Graph 102
1 : 12 13 14 15 16 17 18 19 20 21
12 : 1 4 5 9 6 19 20 21 11
13 : 1 5 6 17 18 21 11
14 : 1 4 8 9 6 16 11 3
15 : 1 4 8 5 9 16 17 19 3 10
16 : 1 5 14 15 6 21 2 11 7 10
17 : 1 4 13 9 15 6 2 11 7
18 : 1 4 13 5 9 19 2 7
19 : 1 12 8 15 6 18 2 11 3 7
20 : 1 12 8 5 2 3 7
21 : 1 4 12 8 13 9 16 2 3 7
2 : 16 17 18 19 20 21 11
11 : 4 12 13 5 14 16 17 19 2 3
3 : 14 15 19 20 21 11 7 10
7 : 4 5 6 16 17 18 19 20 21 3
10 : 4 15 6 16 3
4 : 12 8 14 15 17 18 21 11 7 10
8 : 4 5 14 15 6 19 20 21
5 : 12 8 13 9 15 16 18 20 11 7
9 : 12 5 14 15 6 17 18 21
6 : 12 8 13 14 9 16 17 19 7 10
Graph 103
1 : 12 13 14 15 16 17 18 19 20 21
12 : 1 4 5 9 6 19 20 21 11
13 : 1 8 5 6 21 11 3
14 : 1 4 8 9 6 16 18 20 11 3
15 : 1 4 8 5 9 16 17 19 3 10
16 : 1 5 14 15 6 21 2 11 7 10
17 : 1 4 9 15 6 20 2 11 7
18 : 1 4 14 9 2 7 10
19 : 1 12 8 15 6 2 11 3 7
20 : 1 12 8 14 17 2 3 7 10
21 : 1 4 12 8 13 9 16 2 3 7
2 : 16 17 18 19 20 21 11
11 : 4 12 13 5 14 16 17 19 2 3
3 : 13 14 15 19 20 21 11 7 10
7 : 4 5 6 16 17 18 19 20 21 3
10 : 4 15 6 16 18 20 3
4 : 12 8 14 15 17 18 21 11 7 10
8 : 4 13 5 14 15 6 19 20 21
5 : 12 8 13 9 15 16 11 7
9 : 12 5 14 15 6 17 18 21
6 : 12 8 13 14 9 16 17 19 7 10
Graph 104
1 : 12 13 14 15 16 17 18 19 20 21
12 : 1 4 5 9 6 19 20 21 11
13 : 1 8 5 6 21 11 3
14 : 1 4 8 9 6 16 20 11 3
15 : 1 4 8 5 9 16 17 19 3 10
16 : 1 5 14 15 6 21 2 11 7 10
17 : 1 4 9 15 6 20 2 11 7
18 : 1 4 5 9 19 2 7
19 : 1 12 8 15 6 18 2 11 3 7
20 : 1 12 8 14 17 2 3 7 10
21 : 1 4 12 8 13 9 16 2 3 7
2 : 16 17 18 19 20 21 11
11 : 4 12 13 5 14 16 17 19 2 3
3 : 13 14 15 19 20 21 11 7 10
7 : 4 5 6 16 17 18 19 20 21 3
10 : 4 15 6 16 20 3
4 : 12 8 14 15 17 18 21 11 7 10
8 : 4 13 5 14 15 6 19 20 21
5 : 12 8 13 9 15 16 18 11 7
9 : 12 5 14 15 6 17 18 21
6 : 12 8 13 14 9 16 17 19 7 10
Graph 105
1 : 12 13 14 15 16 17 18 19 20 21
12 : 1 4 5 9 6 19 20 21 11
13 : 1 8 5 6 21 11 3
14 : 1 4 8 9 6 16 11 3
15 : 1 4 8 5 9 16 17 19 3 10
16 : 1 5 14 15 6 21 2 11 7 10
17 : 1 4 9 15 6 2 11 7
18 : 1 4 5 9 19 2 7
19 : 1 12 8 15 6 18 2 11 3 7
20 : 1 12 8 5 2 3 7
21 : 1 4 12 8 13 9 16 2 3 7
2 : 16 17 18 19 20 21 11
11 : 4 12 13 5 14 16 17 19 2 3
3 : 13 14 15 19 20 21 11 7 10
7 : 4 5 6 16 17 18 19 20 21 3
10 : 4 15 6 16 3
4 : 12 8 14 15 17 18 21 11 7 10
8 : 4 13 5 14 15 6 19 20 21
5 : 12 8 13 9 15 16 18 20 11 7
9 : 12 5 14 15 6 17 18 21
6 : 12 8 13 14 9 16 17 19 7 10
Graph 106
1 : 12 13 14 15 16 17 18 19 20 21
12 : 1 4 5 6 19 20 21 9
13 : 1 11 8 5 6 17 18 21 3 10
14 : 1 11 8 6 18 20 9 3
15 : 1 8 5 17 9 3 10
16 : 1 5 6 21 2 7
17 : 1 13 15 6 20 2 9 7
18 : 1 13 14 19 2 9 7 10
19 : 1 11 12 8 6 18 2 3 7
20 : 1 12 8 14 5 17 2 3 7 10
21 : 1 12 4 13 8 16 2 9 3 7
2 : 16 17 18 19 20 21 9
9 : 12 14 5 15 6 17 18 21 2 3
3 : 11 13 14 15 19 20 21 9 7 10
7 : 4 5 6 16 17 18 19 20 21 3
10 : 13 15 6 18 20 3
11 : 13 14 19 3
4 : 12 8 21 7
8 : 4 13 14 5 15 6 19 20 21
5 : 12 13 8 15 16 20 9 7
6 : 12 13 8 14 16 17 19 9 7 10
Graph 107
1 : 12 13 14 15 16 17 18 19 20 21
12 : 1 4 5 6 19 20 21 11
13 : 1 10 8 5 6 17 18 21 11 3
14 : 1 8 6 18 20 11 3
15 : 1 10 4 8 5 16 17 19 3 9
16 : 1 5 15 6 21 2 11 7
17 : 1 13 15 6 20 2 11 7 9
18 : 1 10 13 14 19 2 7 9
19 : 1 12 8 15 6 18 2 11 3 7
20 : 1 10 12 8 14 5 17 2 3 7
21 : 1 12 4 13 8 16 2 3 7 9
2 : 16 17 18 19 20 21 11
11 : 12 4 13 14 5 16 17 19 2 3
3 : 10 13 14 15 19 20 21 11 7 9
7 : 4 5 6 16 17 18 19 20 21 3
9 : 5 15 6 17 18 21 3
10 : 13 15 6 18 20 3
4 : 12 8 15 21 11 7
8 : 4 13 14 5 15 6 19 20 21
5 : 12 13 8 15 16 20 11 7 9
6 : 10 12 13 8 14 16 17 19 7 9
Graph 108
1 : 12 13 14 15 16 17 18 19 20 21
12 : 1 4 5 6 19 20 21 11
13 : 1 10 8 5 6 17 18 21 11 3
14 : 1 8 6 20 11 3
15 : 1 10 4 8 5 16 17 19 3 9
16 : 1 5 15 6 21 2 11 7
17 : 1 13 15 6 20 2 11 7 9
18 : 1 13 5 2 7 9
19 : 1 12 8 15 6 2 11 3 7
20 : 1 10 12 8 14 5 17 2 3 7
21 : 1 12 4 13 8 16 2 3 7 9
2 : 16 17 18 19 20 21 11
11 : 12 4 13 14 5 16 17 19 2 3
3 : 10 13 14 15 19 20 21 11 7 9
7 : 4 5 6 16 17 18 19 20 21 3
9 : 5 15 6 17 18 21 3
10 : 13 15 6 20 3
4 : 12 8 15 21 11 7
8 : 4 13 14 5 15 6 19 20 21
5 : 12 13 8 15 16 18 20 11 7 9
6 : 10 12 13 8 14 16 17 19 7 9
Graph 109
1 : 12 13 14 15 16 17 18 19 20 21
12 : 1 4 5 6 19 20 21 11
13 : 1 10 8 5 6 17 21 11 3
14 : 1 8 6 20 11 3
15 : 1 10 4 8 5 16 17 19 3 9
16 : 1 5 15 6 21 2 11 7
17 : 1 13 15 6 20 2 11 7 9
18 : 1 4 5 19 2 7
19 : 1 12 8 15 6 18 2 11 3 7
20 : 1 10 12 8 14 5 17 2 3 7
21 : 1 12 4 13 8 16 2 3 7 9
2 : 16 17 18 19 20 21 11
11 : 12 4 13 14 5 16 17 19 2 3
3 : 10 13 14 15 19 20 21 11 7 9
7 : 4 5 6 16 17 18 19 20 21 3
9 : 5 15 6 17 21 3
10 : 13 15 6 20 3
4 : 12 8 15 18 21 11 7
8 : 4 13 14 5 15 6 19 20 21
5 : 12 13 8 15 16 18 20 11 7 9
6 : 10 12 13 8 14 16 17 19 7 9
Graph 110
1 : 12 13 14 15 16 17 18 19 20 21
12 : 1 4 5 6 19 20 21 11
13 : 1 10 8 5 6 17 18 21 11 3
14 : 1 4 8 6 16 18 11 3 9
15 : 1 10 4 8 5 16 17 19 3 9
16 : 1 14 5 15 6 21 2 11 7
17 : 1 13 15 6 20 2 11 7 9
18 : 1 10 13 14 19 2 7 9
19 : 1 12 8 15 6 18 2 11 3 7
20 : 1 10 12 8 5 17 2 3 7
21 : 1 12 4 13 8 16 2 3 7 9
2 : 16 17 18 19 20 21 11
11 : 12 4 13 14 5 16 17 19 2 3
3 : 10 13 14 15 19 20 21 11 7 9
7 : 4 5 6 16 17 18 19 20 21 3
9 : 14 5 15 6 17 18 21 3
10 : 13 15 6 18 20 3
4 : 12 8 14 15 21 11 7
8 : 4 13 14 5 15 6 19 20 21
5 : 12 13 8 15 16 20 11 7 9
6 : 10 12 13 8 14 16 17 19 7 9
Graph 111
1 : 12 13 14 15 16 17 18 19 20 21
12 : 1 4 5 6 19 20 21 11
13 : 1 10 8 5 6 17 18 21 11 3
14 : 1 4 8 6 16 11 3 9
15 : 1 10 4 8 5 16 17 19 3 9
16 : 1 14 5 15 6 21 2 11 7
17 : 1 13 15 6 20 2 11 7 9
18 : 1 13 5 2 7 9
19 : 1 12 8 15 6 2 11 3 7
20 : 1 10 12 8 5 17 2 3 7
21 : 1 12 4 13 8 16 2 3 7 9
2 : 16 17 18 19 20 21 11
11 : 12 4 13 14 5 16 17 19 2 3
3 : 10 13 14 15 19 20 21 11 7 9
7 : 4 5 6 16 17 18 19 20 21 3
9 : 14 5 15 6 17 18 21 3
10 : 13 15 6 20 3
4 : 12 8 14 15 21 11 7
8 : 4 13 14 5 15 6 19 20 21
5 : 12 13 8 15 16 18 20 11 7 9
6 : 10 12 13 8 14 16 17 19 7 9
Graph 112
1 : 12 13 14 15 16 17 18 19 20 21
12 : 1 4 5 6 19 20 21 11
13 : 1 10 8 5 6 17 21 11 3
14 : 1 4 8 6 16 11 3 9
15 : 1 10 4 8 5 16 17 19 3 9
16 : 1 14 5 15 6 21 2 11 7
17 : 1 13 15 6 20 2 11 7 9
18 : 1 4 5 19 2 7
19 : 1 12 8 15 6 18 2 11 3 7
20 : 1 10 12 8 5 17 2 3 7
21 : 1 12 4 13 8 16 2 3 7 9
2 : 16 17 18 19 20 21 11
11 : 12 4 13 14 5 16 17 19 2 3
3 : 10 13 14 15 19 20 21 11 7 9
7 : 4 5 6 16 17 18 19 20 21 3
9 : 14 5 15 6 17 21 3
10 : 13 15 6 20 3
4 : 12 8 14 15 18 21 11 7
8 : 4 13 14 5 15 6 19 20 21
5 : 12 13 8 15 16 18 20 11 7 9
6 : 10 12 13 8 14 16 17 19 7 9
Graph 113
1 : 12 13 14 15 16 17 18 19 20 21
12 : 1 4 5 6 19 20 21 11
13 : 1 8 5 6 17 18 21 11 3
14 : 1 4 8 6 16 18 20 11 3 9
15 : 1 10 4 8 5 16 17 19 3 9
16 : 1 10 14 5 15 6 21 2 11 7
17 : 1 13 15 6 2 11 7 9
18 : 1 10 13 14 19 2 7 9
19 : 1 12 8 15 6 18 2 11 3 7
20 : 1 10 12 8 14 2 3 7
21 : 1 12 4 13 8 16 2 3 7 9
2 : 16 17 18 19 20 21 11
11 : 12 4 13 14 5 16 17 19 2 3
3 : 10 13 14 15 19 20 21 11 7 9
7 : 4 5 6 16 17 18 19 20 21 3
9 : 14 5 15 6 17 18 21 3
10 : 4 15 6 16 18 20 3
4 : 10 12 8 14 15 21 11 7
8 : 4 13 14 5 15 6 19 20 21
5 : 12 13 8 15 16 11 7 9
6 : 10 12 13 8 14 16 17 19 7 9
Graph 114
1 : 12 13 14 15 16 17 18 19 20 21
12 : 1 4 5 6 19 20 21 11
13 : 1 8 5 6 17 18 21 11 3
14 : 1 4 8 6 16 18 11 3 9
15 : 1 10 4 8 5 16 17 19 3 9
16 : 1 10 14 5 15 6 21 2 11 7
17 : 1 13 15 6 20 2 11 7 9
18 : 1 10 13 14 19 2 7 9
19 : 1 12 8 15 6 18 2 11 3 7
20 : 1 12 8 5 17 2 3 7
21 : 1 12 4 13 8 16 2 3 7 9
2 : 16 17 18 19 20 21 11
11 : 12 4 13 14 5 16 17 19 2 3
3 : 10 13 14 15 19 20 21 11 7 9
7 : 4 5 6 16 17 18 19 20 21 3
9 : 14 5 15 6 17 18 21 3
10 : 4 15 6 16 18 3
4 : 10 12 8 14 15 21 11 7
8 : 4 13 14 5 15 6 19 20 21
5 : 12 13 8 15 16 20 11 7 9
6 : 10 12 13 8 14 16 17 19 7 9
Graph 115
1 : 12 13 14 15 16 17 18 19 20 21
12 : 1 4 5 6 19 20 21 11
13 : 1 8 5 6 17 18 21 11 3
14 : 1 4 8 6 16 11 3 9
15 : 1 10 4 8 5 16 17 19 3 9
16 : 1 10 14 5 15 6 21 2 11 7
17 : 1 13 15 6 20 2 11 7 9
18 : 1 13 5 2 7 9
19 : 1 12 8 15 6 2 11 3 7
20 : 1 12 8 5 17 2 3 7
21 : 1 12 4 13 8 16 2 3 7 9
2 : 16 17 18 19 20 21 11
11 : 12 4 13 14 5 16 17 19 2 3
3 : 10 13 14 15 19 20 21 11 7 9
7 : 4 5 6 16 17 18 19 20 21 3
9 : 14 5 15 6 17 18 21 3
10 : 4 15 6 16 3
4 : 10 12 8 14 15 21 11 7
8 : 4 13 14 5 15 6 19 20 21
5 : 12 13 8 15 16 18 20 11 7 9
6 : 10 12 13 8 14 16 17 19 7 9
Graph 116
1 : 12 13 14 15 16 17 18 19 20 21
12 : 1 4 5 6 19 20 21 11
13 : 1 8 5 6 18 21 11 3
14 : 1 4 8 6 16 18 20 11 3 9
15 : 1 10 4 8 5 16 17 19 3 9
16 : 1 10 14 5 15 6 21 2 11 7
17 : 1 4 15 6 20 2 11 7
18 : 1 10 13 14 19 2 7 9
19 : 1 12 8 15 6 18 2 11 3 7
20 : 1 10 12 8 14 17 2 3 7
21 : 1 12 4 13 8 16 2 3 7 9
2 : 16 17 18 19 20 21 11
11 : 12 4 13 14 5 16 17 19 2 3
3 : 10 13 14 15 19 20 21 11 7 9
7 : 4 5 6 16 17 18 19 20 21 3
9 : 14 5 15 6 18 21 3
10 : 4 15 6 16 18 20 3
4 : 10 12 8 14 15 17 21 11 7
8 : 4 13 14 5 15 6 19 20 21
5 : 12 13 8 15 16 11 7 9
6 : 10 12 13 8 14 16 17 19 7 9
Graph 117
1 : 12 13 14 15 16 17 18 19 20 21
12 : 1 4 5 6 19 20 21 11
13 : 1 8 5 6 17 21 11 3
14 : 1 4 8 6 16 11 3 9
15 : 1 10 4 8 5 16 17 19 3 9
16 : 1 10 14 5 15 6 21 2 11 7
17 : 1 13 15 6 20 2 11 7 9
18 : 1 4 5 19 2 7
19 : 1 12 8 15 6 18 2 11 3 7
20 : 1 12 8 5 17 2 3 7
21 : 1 12 4 13 8 16 2 3 7 9
2 : 16 17 18 19 20 21 11
11 : 12 4 13 14 5 16 17 19 2 3
3 : 10 13 14 15 19 20 21 11 7 9
7 : 4 5 6 16 17 18 19 20 21 3
9 : 14 5 15 6 17 21 3
10 : 4 15 6 16 3
4 : 10 12 8 14 15 18 21 11 7
8 : 4 13 14 5 15 6 19 20 21
5 : 12 13 8 15 16 18 20 11 7 9
6 : 10 12 13 8 14 16 17 19 7 9
Graph 118
1 : 12 13 14 15 16 17 18 19 20 21
12 : 1 4 5 6 19 20 21 11
13 : 1 8 5 6 21 11 3
14 : 1 4 8 6 16 18 20 11 3 9
15 : 1 10 4 8 5 16 17 19 3 9
16 : 1 10 14 5 15 6 21 2 11 7
17 : 1 4 15 6 20 2 11 7
18 : 1 10 4 14 2 7
19 : 1 12 8 15 6 2 11 3 7
20 : 1 10 12 8 14 17 2 3 7
21 : 1 12 4 13 8 16 2 3 7 9
2 : 16 17 18 19 20 21 11
11 : 12 4 13 14 5 16 17 19 2 3
3 : 10 13 14 15 19 20 21 11 7 9
7 : 4 5 6 16 17 18 19 20 21 3
9 : 14 5 15 6 21 3
10 : 4 15 6 16 18 20 3
4 : 10 12 8 14 15 17 18 21 11 7
8 : 4 13 14 5 15 6 19 20 21
5 : 12 13 8 15 16 11 7 9
6 : 10 12 13 8 14 16 17 19 7 9
Graph 119
1 : 12 13 14 15 16 17 18 19 20 21
12 : 1 4 5 6 19 20 21 11
13 : 1 8 5 6 21 11 3
14 : 1 4 8 6 16 20 11 3 9
15 : 1 10 4 8 5 16 17 19 3 9
16 : 1 10 14 5 15 6 21 2 11 7
17 : 1 4 15 6 20 2 11 7
18 : 1 4 5 19 2 7
19 : 1 12 8 15 6 18 2 11 3 7
20 : 1 10 12 8 14 17 2 3 7
21 : 1 12 4 13 8 16 2 3 7 9
2 : 16 17 18 19 20 21 11
11 : 12 4 13 14 5 16 17 19 2 3
3 : 10 13 14 15 19 20 21 11 7 9
7 : 4 5 6 16 17 18 19 20 21 3
9 : 14 5 15 6 21 3
10 : 4 15 6 16 20 3
4 : 10 12 8 14 15 17 18 21 11 7
8 : 4 13 14 5 15 6 19 20 21
5 : 12 13 8 15 16 18 11 7 9
6 : 10 12 13 8 14 16 17 19 7 9
Graph 120
1 : 12 13 14 15 16 17 18 19 20 21
12 : 1 4 5 6 19 20 21 11
13 : 1 8 5 6 21 11 3
14 : 1 4 8 6 16 11 3 9
15 : 1 10 4 8 5 16 17 19 3 9
16 : 1 10 14 5 15 6 21 2 11 7
17 : 1 4 15 6 2 11 7
18 : 1 4 5 19 2 7
19 : 1 12 8 15 6 18 2 11 3 7
20 : 1 12 8 5 2 3 7
21 : 1 12 4 13 8 16 2 3 7 9
2 : 16 17 18 19 20 21 11
11 : 12 4 13 14 5 16 17 19 2 3
3 : 10 13 14 15 19 20 21 11 7 9
7 : 4 5 6 16 17 18 19 20 21 3
9 : 14 5 15 6 21 3
10 : 4 15 6 16 3
4 : 10 12 8 14 15 17 18 21 11 7
8 : 4 13 14 5 15 6 19 20 21
5 : 12 13 8 15 16 18 20 11 7 9
6 : 10 12 13 8 14 16 17 19 7 9
Graph 121
1 : 12 13 14 15 16 17 18 19 20 21
12 : 1 4 10 5 9 6 19 20 21 11
13 : 1 5 6 17 18 21 8 11
14 : 1 4 9 6 18 20 8 11
15 : 1 4 10 5 9 19 8
16 : 1 5 6 21 2 11 7
17 : 1 4 13 9 6 20 2 11 7
18 : 1 4 10 13 5 14 9 19 2 7
19 : 1 12 15 6 18 2 8 11 3 7
20 : 1 12 10 14 17 2 8 3 7
21 : 1 4 12 13 9 16 2 8 3 7
2 : 16 17 18 19 20 21 8 11
8 : 4 13 5 14 15 6 19 20 21 2
11 : 4 12 13 5 14 16 17 19 2 3
3 : 19 20 21 11 7
7 : 4 5 6 16 17 18 19 20 21 3
4 : 12 10 14 15 17 18 21 8 11 7
10 : 4 12 15 6 18 20
5 : 12 13 9 15 16 18 8 11 7
9 : 12 5 14 15 6 17 18 21
6 : 12 10 13 14 9 16 17 19 8 7
Graph 122
1 : 12 13 14 15 16 17 18 19 20 21
12 : 1 4 10 5 9 6 19 20 21 11
13 : 1 5 6 17 18 21 8 11
14 : 1 4 9 6 18 8 11
15 : 1 4 10 5 9 19 8
16 : 1 5 6 21 2 11 7
17 : 1 4 13 9 6 2 11 7
18 : 1 4 10 13 5 14 9 19 2 7
19 : 1 12 15 6 18 2 8 11 3 7
20 : 1 12 5 2 8 3 7
21 : 1 4 12 13 9 16 2 8 3 7
2 : 16 17 18 19 20 21 8 11
8 : 4 13 5 14 15 6 19 20 21 2
11 : 4 12 13 5 14 16 17 19 2 3
3 : 19 20 21 11 7
7 : 4 5 6 16 17 18 19 20 21 3
4 : 12 10 14 15 17 18 21 8 11 7
10 : 4 12 15 6 18
5 : 12 13 9 15 16 18 20 8 11 7
9 : 12 5 14 15 6 17 18 21
6 : 12 10 13 14 9 16 17 19 8 7
Graph 123
1 : 12 13 14 15 16 17 18 19 20 21
12 : 1 4 10 5 9 6 19 20 21 11
13 : 1 5 6 17 18 21 8 11
14 : 1 4 9 6 18 20 8 11
15 : 1 4 10 5 9 16 17 19 3
16 : 1 5 15 6 21 2 11 7
17 : 1 4 13 9 15 6 20 2 11 7
18 : 1 4 10 13 5 14 9 19 2 7
19 : 1 12 15 6 18 2 8 11 3 7
20 : 1 12 10 14 17 2 8 3 7
21 : 1 4 12 13 9 16 2 8 3 7
2 : 16 17 18 19 20 21 8 11
8 : 4 13 5 14 6 19 20 21 2
11 : 4 12 13 5 14 16 17 19 2 3
3 : 15 19 20 21 11 7
7 : 4 5 6 16 17 18 19 20 21 3
4 : 12 10 14 15 17 18 21 8 11 7
10 : 4 12 15 6 18 20
5 : 12 13 9 15 16 18 8 11 7
9 : 12 5 14 15 6 17 18 21
6 : 12 10 13 14 9 16 17 19 8 7
Graph 124
1 : 12 13 14 15 16 17 18 19 20 21
12 : 1 4 5 9 6 19 20 21 10 11
13 : 1 5 6 17 18 21 10 11
14 : 1 4 8 9 6 16 18 20 11 3
15 : 1 4 8 5 9 16 17 19 3
16 : 1 5 14 15 6 21 2 10 11 7
17 : 1 4 13 9 15 6 20 2 11 7
18 : 1 4 13 14 9 2 10 7
19 : 1 12 8 15 6 2 11 3 7
20 : 1 12 8 14 17 2 10 3 7
21 : 1 4 12 8 13 9 16 2 3 7
2 : 16 17 18 19 20 21 10 11
10 : 4 12 13 6 16 18 20 2 3
11 : 4 12 13 5 14 16 17 19 2 3
3 : 14 15 19 20 21 10 11 7
7 : 4 5 6 16 17 18 19 20 21 3
4 : 12 8 14 15 17 18 21 10 11 7
8 : 4 5 14 15 6 19 20 21
5 : 12 8 13 9 15 16 11 7
9 : 12 5 14 15 6 17 18 21
6 : 12 8 13 14 9 16 17 19 10 7
Graph 125
1 : 12 13 14 15 16 17 18 19 20 21
12 : 1 4 5 9 6 19 20 21 10 11
13 : 1 8 5 6 21 10 11 3
14 : 1 4 8 9 6 16 18 20 11 3
15 : 1 4 8 5 9 16 17 19 3
16 : 1 5 14 15 6 21 2 10 11 7
17 : 1 4 9 15 6 20 2 11 7
18 : 1 4 14 9 2 10 7
19 : 1 12 8 15 6 2 11 3 7
20 : 1 12 8 14 17 2 10 3 7
21 : 1 4 12 8 13 9 16 2 3 7
2 : 16 17 18 19 20 21 10 11
10 : 4 12 13 6 16 18 20 2 3
11 : 4 12 13 5 14 16 17 19 2 3
3 : 13 14 15 19 20 21 10 11 7
7 : 4 5 6 16 17 18 19 20 21 3
4 : 12 8 14 15 17 18 21 10 11 7
8 : 4 13 5 14 15 6 19 20 21
5 : 12 8 13 9 15 16 11 7
9 : 12 5 14 15 6 17 18 21
6 : 12 8 13 14 9 16 17 19 10 7
Graph 126
1 : 12 13 14 15 16 17 18 19 20 21
12 : 1 4 5 6 19 20 21 9 11
13 : 1 10 8 5 6 17 18 21 11 3
14 : 1 8 6 18 20 9 11 3
15 : 1 10 8 5 17 9 3
16 : 1 5 6 21 2 11 7
17 : 1 13 15 6 20 2 9 11 7
18 : 1 10 13 14 19 2 9 7
19 : 1 12 8 6 18 2 11 3 7
20 : 1 10 12 8 14 5 17 2 3 7
21 : 1 12 4 13 8 16 2 9 3 7
2 : 16 17 18 19 20 21 9 11
9 : 12 14 5 15 6 17 18 21 2 3
11 : 12 4 13 14 5 16 17 19 2 3
3 : 10 13 14 15 19 20 21 9 11 7
7 : 4 5 6 16 17 18 19 20 21 3
10 : 13 15 6 18 20 3
4 : 12 8 21 11 7
8 : 4 13 14 5 15 6 19 20 21
5 : 12 13 8 15 16 20 9 11 7
6 : 10 12 13 8 14 16 17 19 9 7
Graph 127
1 : 12 13 14 15 16 17 18 19 20 21
12 : 1 4 5 6 19 20 21 9 11
13 : 1 10 8 5 6 17 18 21 11 3
14 : 1 8 6 20 9 11 3
15 : 1 10 8 5 17 9 3
16 : 1 5 6 21 2 11 7
17 : 1 13 15 6 20 2 9 11 7
18 : 1 13 5 2 9 7
19 : 1 12 8 6 2 11 3 7
20 : 1 10 12 8 14 5 17 2 3 7
21 : 1 12 4 13 8 16 2 9 3 7
2 : 16 17 18 19 20 21 9 11
9 : 12 14 5 15 6 17 18 21 2 3
11 : 12 4 13 14 5 16 17 19 2 3
3 : 10 13 14 15 19 20 21 9 11 7
7 : 4 5 6 16 17 18 19 20 21 3
10 : 13 15 6 20 3
4 : 12 8 21 11 7
8 : 4 13 14 5 15 6 19 20 21
5 : 12 13 8 15 16 18 20 9 11 7
6 : 10 12 13 8 14 16 17 19 9 7
Graph 128
1 : 12 13 14 15 16 17 18 19 20 21
12 : 1 4 5 6 19 20 21 9 11
13 : 1 10 8 5 6 17 18 21 11 3
14 : 1 8 6 18 20 9 11 3
15 : 1 10 4 8 5 16 17 19 3
16 : 1 5 15 6 21 2 11 7
17 : 1 13 15 6 20 2 9 11 7
18 : 1 10 13 14 19 2 9 7
19 : 1 12 8 15 6 18 2 11 3 7
20 : 1 10 12 8 14 5 17 2 3 7
21 : 1 12 4 13 8 16 2 9 3 7
2 : 16 17 18 19 20 21 9 11
9 : 12 14 5 6 17 18 21 2 3
11 : 12 4 13 14 5 16 17 19 2 3
3 : 10 13 14 15 19 20 21 9 11 7
7 : 4 5 6 16 17 18 19 20 21 3
10 : 13 15 6 18 20 3
4 : 12 8 15 21 11 7
8 : 4 13 14 5 15 6 19 20 21
5 : 12 13 8 15 16 20 9 11 7
6 : 10 12 13 8 14 16 17 19 9 7
Graph 129
1 : 12 13 14 15 16 17 18 19 20 21
12 : 1 4 5 6 19 20 21 9 11
13 : 1 10 8 5 6 17 18 21 11 3
14 : 1 8 6 20 9 11 3
15 : 1 10 4 8 5 16 17 19 3
16 : 1 5 15 6 21 2 11 7
17 : 1 13 15 6 20 2 9 11 7
18 : 1 13 5 2 9 7
19 : 1 12 8 15 6 2 11 3 7
20 : 1 10 12 8 14 5 17 2 3 7
21 : 1 12 4 13 8 16 2 9 3 7
2 : 16 17 18 19 20 21 9 11
9 : 12 14 5 6 17 18 21 2 3
11 : 12 4 13 14 5 16 17 19 2 3
3 : 10 13 14 15 19 20 21 9 11 7
7 : 4 5 6 16 17 18 19 20 21 3
10 : 13 15 6 20 3
4 : 12 8 15 21 11 7
8 : 4 13 14 5 15 6 19 20 21
5 : 12 13 8 15 16 18 20 9 11 7
6 : 10 12 13 8 14 16 17 19 9 7
Graph 130
1 : 12 13 14 15 16 17 18 19 20 21
12 : 1 4 5 6 19 20 21 10 11
13 : 1 8 5 6 17 18 21 10 11 3
14 : 1 9 4 8 6 16 18 11 3
15 : 1 9 4 8 5 16 17 19 3
16 : 1 14 5 15 6 21 2 10 11 7
17 : 1 9 13 15 6 20 2 11 7
18 : 1 9 13 14 19 2 10 7
19 : 1 12 8 15 6 18 2 11 3 7
20 : 1 12 8 5 17 2 3 7
21 : 1 9 12 4 13 8 16 2 3 7
2 : 16 17 18 19 20 21 10 11
10 : 12 4 13 6 16 18 2 3
11 : 12 4 13 14 5 16 17 19 2 3
3 : 9 13 14 15 19 20 21 10 11 7
7 : 4 5 6 16 17 18 19 20 21 3
9 : 14 5 15 6 17 18 21 3
4 : 12 8 14 15 21 10 11 7
8 : 4 13 14 5 15 6 19 20 21
5 : 9 12 13 8 15 16 20 11 7
6 : 9 12 13 8 14 16 17 19 10 7
Graph 131
1 : 12 13 14 15 16 17 18 19 20 21
12 : 1 4 5 6 19 20 21 10 11
13 : 1 8 5 6 21 10 11 3
14 : 1 9 4 8 6 16 18 20 11 3
15 : 1 9 4 8 5 16 17 19 3
16 : 1 14 5 15 6 21 2 10 11 7
17 : 1 4 15 6 20 2 11 7
18 : 1 4 14 2 10 7
19 : 1 12 8 15 6 2 11 3 7
20 : 1 12 8 14 17 2 10 3 7
21 : 1 9 12 4 13 8 16 2 3 7
2 : 16 17 18 19 20 21 10 11
10 : 12 4 13 6 16 18 20 2 3
11 : 12 4 13 14 5 16 17 19 2 3
3 : 9 13 14 15 19 20 21 10 11 7
7 : 4 5 6 16 17 18 19 20 21 3
9 : 14 5 15 6 21 3
4 : 12 8 14 15 17 18 21 10 11 7
8 : 4 13 14 5 15 6 19 20 21
5 : 9 12 13 8 15 16 11 7
6 : 9 12 13 8 14 16 17 19 10 7
Graph 132
1 : 12 13 14 15 16 17 18 19 20 21
12 : 1 4 5 6 19 20 21 9 10 11
13 : 1 8 5 6 17 18 21 11 3
14 : 1 8 6 20 9 11 3
15 : 1 8 5 17 9 3
16 : 1 7 5 6 21 2 11
17 : 1 7 13 15 6 20 2 9 11
18 : 1 7 13 5 2 9
19 : 1 7 12 8 6 2 11 3
20 : 1 7 12 8 14 5 17 2 10 3
21 : 1 7 12 4 13 8 16 2 9 3
2 : 16 17 18 19 20 21 9 10 11
9 : 12 14 5 15 6 17 18 21 2 3
10 : 12 6 20 2 3
11 : 12 4 13 14 5 16 17 19 2 3
3 : 7 13 14 15 19 20 21 9 10 11
7 : 4 5 6 16 17 18 19 20 21 3
4 : 7 12 8 21 11
8 : 4 13 14 5 15 6 19 20 21
5 : 7 12 13 8 15 16 18 20 9 11
6 : 7 12 13 8 14 16 17 19 9 10
Graph 133
1 : 12 13 14 15 16 17 18 19 20 21
12 : 1 4 5 6 19 20 21 11
13 : 1 5 6 18 21 8 11
14 : 1 6 16 18 20 8 9 11
15 : 1 5 16 8 9
16 : 1 7 14 5 15 6 21 2 10 11
17 : 1 7 6 20 2 11
18 : 1 7 13 4 14 5 19 2 9 10
19 : 1 3 12 7 6 18 2 8 11
20 : 1 3 12 7 14 5 17 2 8 10
21 : 1 3 12 7 13 4 16 2 8 9
2 : 16 17 18 19 20 21 8 9 10 11
8 : 13 4 14 5 15 6 19 20 21 2
9 : 14 5 15 6 18 21 2
10 : 6 16 18 20 2
11 : 3 12 13 4 14 5 16 17 19 2
3 : 7 19 20 21 11
7 : 3 4 5 6 16 17 18 19 20 21
4 : 12 7 18 21 8 11
5 : 12 7 13 15 16 18 20 8 9 11
6 : 12 7 13 14 16 17 19 8 9 10
Graph 134
1 : 12 13 14 15 16 17 18 19 20 21
12 : 1 4 5 6 19 20 21 11
13 : 1 5 6 17 18 21 8 11
14 : 1 6 16 18 20 8 9 11
15 : 1 5 16 8 9
16 : 1 7 14 5 15 6 21 2 10 11
17 : 1 7 13 4 6 2 9 11
18 : 1 7 13 4 14 5 19 2 9 10
19 : 1 3 12 7 6 18 2 8 11
20 : 1 3 12 7 14 5 2 8 10
21 : 1 3 12 7 13 4 16 2 8 9
2 : 16 17 18 19 20 21 8 9 10 11
8 : 13 4 14 5 15 6 19 20 21 2
9 : 14 5 15 6 17 18 21 2
10 : 6 16 18 20 2
11 : 3 12 13 4 14 5 16 17 19 2
3 : 7 19 20 21 11
7 : 3 4 5 6 16 17 18 19 20 21
4 : 12 7 17 18 21 8 11
5 : 12 7 13 15 16 18 20 8 9 11
6 : 12 7 13 14 16 17 19 8 9 10
Graph 135
1 : 12 13 14 15 16 17 18 19 20 21
12 : 1 4 5 6 19 20 21 11
13 : 1 5 6 17 18 21 8 10 11
14 : 1 6 16 18 20 8 9 11
15 : 1 5 16 8 9
16 : 1 7 14 5 15 6 21 2 11
17 : 1 7 13 4 6 2 9 11
18 : 1 7 13 4 14 5 19 2 9 10
19 : 1 3 12 7 6 18 2 8 11
20 : 1 3 12 7 14 5 2 8
21 : 1 3 12 7 13 4 16 2 8 9
2 : 16 17 18 19 20 21 8 9 10 11
8 : 13 4 14 5 15 6 19 20 21 2
9 : 14 5 15 6 17 18 21 2
10 : 13 4 6 18 2
11 : 3 12 13 4 14 5 16 17 19 2
3 : 7 19 20 21 11
7 : 3 4 5 6 16 17 18 19 20 21
4 : 12 7 17 18 21 8 10 11
5 : 12 7 13 15 16 18 20 8 9 11
6 : 12 7 13 14 16 17 19 8 9 10
