15 16
Graph 1
1 : 10 11 12 13 14 15
10 : 1 15 4 5 8 9
11 : 1 5 9
12 : 1 13
13 : 1 12 2 6 5 9
14 : 1 2 6
15 : 1 10 2 3 6 7
2 : 13 14 15
3 : 15 6
6 : 13 14 15 3 4 5
4 : 10 6 7
7 : 15 4 5
5 : 10 11 13 6 7 8
8 : 10 5
9 : 10 11 13
Graph 2
1 : 10 11 12 13 14 15
10 : 1 15 4 5 8 9
11 : 1 14 5 9
12 : 1 13
13 : 1 12 2 6 5 9
14 : 1 11 2 6 4 8
15 : 1 10 2 3 6 7
2 : 13 14 15
3 : 15 6
6 : 13 14 15 3 4 5
4 : 10 14 6 7
7 : 15 4 5
5 : 10 11 13 6 7 8
8 : 10 14 5
9 : 10 11 13
Graph 3
1 : 10 11 12 13 14 15
10 : 1 15 4 5 8 9
11 : 1 14 5 9
12 : 1 4 8
13 : 1 2 6 5 9
14 : 1 11 2 6 4 8
15 : 1 10 2 3 6 7
2 : 13 14 15
3 : 15 6
6 : 13 14 15 3 4 5
4 : 10 12 14 6 7
7 : 15 4 5
5 : 10 11 13 6 7 8
8 : 10 12 14 5
9 : 10 11 13
Graph 4
1 : 10 11 12 13 14 15
10 : 1 15 4 5 8 9
11 : 1 14 5 9
12 : 1 13 3 4 7 8
13 : 1 12 2 6 5 9
14 : 1 11 2 6 4 8
15 : 1 10 2 3 6 7
2 : 13 14 15
3 : 12 15 6
6 : 13 14 15 3 4 5
4 : 10 12 14 6 7
7 : 12 15 4 5
5 : 10 11 13 6 7 8
8 : 10 12 14 5
9 : 10 11 13
Graph 5
1 : 10 11 12 13 14 15
10 : 1 15 4 5 8 9
11 : 1 3 7 5 9
12 : 1 13 3 4 7 8
13 : 1 12 2 6 5 9
14 : 1 2 6 4 8
15 : 1 10 2 3 6 7
2 : 13 14 15
3 : 11 12 15 6
6 : 13 14 15 3 4 5
4 : 10 12 14 6 7
7 : 11 12 15 4 5
5 : 10 11 13 6 7 8
8 : 10 12 14 5
9 : 10 11 13
Graph 6
1 : 10 11 12 13 14 15
10 : 1 15 4 9 5 8
11 : 1 14 5
12 : 1 13 3 4 7 8
13 : 1 12 2 6 5
14 : 1 11 2 6 4 8
15 : 1 10 2 3 6 7
2 : 13 14 15
3 : 12 15 6
6 : 13 14 15 3 4 5
4 : 10 12 14 6 7 9
7 : 12 15 4 5
9 : 10 4
5 : 10 11 13 6 7 8
8 : 10 12 14 5
Graph 7
1 : 10 11 12 13 14 15
10 : 1 15 4 9 5 8
11 : 1 3 7 5
12 : 1 13 3 4 7 8
13 : 1 12 2 6 5
14 : 1 2 6 4 8
15 : 1 10 2 3 6 7
2 : 13 14 15
3 : 11 12 15 6
6 : 13 14 15 3 4 5
4 : 10 12 14 6 7 9
7 : 11 12 15 4 5
9 : 10 4
5 : 10 11 13 6 7 8
8 : 10 12 14 5
Graph 8
1 : 10 11 12 13 14 15
10 : 1 15 4 5 9
11 : 1 14 3 7 5 9
12 : 1 3 7
13 : 1 2 6 5 9
14 : 1 11 2 6 8
15 : 1 10 2 3 6 7
2 : 13 14 15
3 : 11 12 15 6 8
6 : 13 14 15 3 4 5
8 : 14 3 5
4 : 10 6 7
7 : 11 12 15 4 5
5 : 10 11 13 6 8 7
9 : 10 11 13
Graph 9
1 : 10 11 12 13 14 15
10 : 1 15 4 5 9
11 : 1 14 3 7 5 9
12 : 1 13 3 8 4 7
13 : 1 12 2 6 5 9
14 : 1 11 2 6 8
15 : 1 10 2 3 6 7
2 : 13 14 15
3 : 11 12 15 6 8
6 : 13 14 15 3 4 5
8 : 12 14 3 5
4 : 10 12 6 7
7 : 11 12 15 4 5
5 : 10 11 13 6 8 7
9 : 10 11 13
Graph 10
1 : 10 11 12 13 14 15
10 : 1 15 4 9 5 8
11 : 1 14 7 5
12 : 1 7 4 8
13 : 1 2 6 5
14 : 1 11 2 6 4 8
15 : 1 10 2 7 3 6
2 : 13 14 15 7
7 : 11 12 15 2 4 5
3 : 15 6
6 : 13 14 15 3 4 5
4 : 10 12 14 7 6 9
9 : 10 4
5 : 10 11 13 7 6 8
8 : 10 12 14 5
Graph 11
1 : 10 11 12 13 14 15
10 : 1 15 9 4 5 8
11 : 1 14 9 5
12 : 1 13 3 4 7 8
13 : 1 12 2 9 6 5
14 : 1 11 2 6 4 8
15 : 1 10 2 3 6 7
2 : 13 14 15 9
9 : 10 11 13 2 3 4
3 : 12 15 9 6
6 : 13 14 15 3 4 5
4 : 10 12 14 9 6 7
7 : 12 15 4 5
5 : 10 11 13 6 7 8
8 : 10 12 14 5
Graph 12
1 : 10 11 12 13 14 15
10 : 1 15 9 4 5 8
11 : 1 9 3 7 5
12 : 1 13 3 4 7 8
13 : 1 12 2 9 6 5
14 : 1 2 6 4 8
15 : 1 10 2 3 6 7
2 : 13 14 15 9
9 : 10 11 13 2 3 4
3 : 11 12 15 9 6
6 : 13 14 15 3 4 5
4 : 10 12 14 9 6 7
7 : 11 12 15 4 5
5 : 10 11 13 6 7 8
8 : 10 12 14 5
Graph 13
1 : 10 11 12 13 14 15
10 : 1 15 9 4 5
11 : 1 14 9 3 7 5
12 : 1 13 3 8 4 7
13 : 1 12 2 9 6 5
14 : 1 11 2 6 8
15 : 1 10 2 3 6 7
2 : 13 14 15 9
9 : 10 11 13 2 3 4
3 : 11 12 15 9 6 8
6 : 13 14 15 3 4 5
8 : 12 14 3 5
4 : 10 12 9 6 7
7 : 11 12 15 4 5
5 : 10 11 13 6 8 7
Graph 14
1 : 10 11 12 13 14 15
10 : 1 15 9 4 5
11 : 1 9 3 7 5
12 : 1 13 3 8 4 7
13 : 1 12 2 9 6 5
14 : 1 2 6 4
15 : 1 10 2 3 6 7
2 : 13 14 15 9
9 : 10 11 13 2 3 4
3 : 11 12 15 9 6 8
6 : 13 14 15 3 4 5
8 : 12 3 5
4 : 10 12 14 9 6 7
7 : 11 12 15 4 5
5 : 10 11 13 6 8 7
Graph 15
1 : 10 11 12 13 14 15
10 : 1 15 8 9 4 5
11 : 1 14 9 3 7 5
12 : 1 13 3 4 7
13 : 1 12 2 9 6 5
14 : 1 11 2 8 6
15 : 1 10 2 3 6 7
2 : 13 14 15 8 9
8 : 10 14 2 3 5
9 : 10 11 13 2 3 4
3 : 11 12 15 8 9 6
6 : 13 14 15 3 4 5
4 : 10 12 9 6 7
7 : 11 12 15 4 5
5 : 10 11 13 8 6 7
Graph 16
1 : 10 11 12 13 14 15
10 : 1 15 9 4 5
11 : 1 14 7 9 5
12 : 1 7 4
13 : 1 2 9 6 5
14 : 1 11 2 8 6 4
15 : 1 10 2 7 3 6
2 : 13 14 15 7 8 9
7 : 11 12 15 2 4 5
8 : 14 2 5
9 : 10 11 13 2 3 4
3 : 15 9 6
6 : 13 14 15 3 4 5
4 : 10 12 14 7 9 6
5 : 10 11 13 7 8 6
