36 18
Graph 1
1 : 9 10 11 12 13 14 15
9 : 1 3 23 24 27 28 4 20 21 25 26 29 18 30 19
10 : 1 17 23 24 27 28 4 25 26 29 30
11 : 1 27 28 29 30
12 : 1 3 4 6
13 : 1 3 4
14 : 1 33 35 3 23 24 27 2 28 4 8 18 19
15 : 1 3 23 24 27 2 28 4 25 29 18 19
2 : 33 34 35 14 15 20 21 25 26 29 30 32
20 : 9 36 2
21 : 9 2
25 : 33 9 10 35 3 17 15 2 8 18 30 19
26 : 9 10 3 17 2 18 19
29 : 33 9 10 35 3 11 23 24 15 2 4 8 18 19
30 : 9 10 3 11 23 24 2 4 25 18 19
32 : 2 5 8
33 : 34 14 2 5 25 29
34 : 33 31 23 27 2 6 8 18
35 : 31 23 14 27 2 6 25 29 18
3 : 9 12 17 13 23 14 24 15 27 28 25 26 29 30
17 : 10 3 23 24 25 26
23 : 9 31 34 10 35 3 17 14 15 29 30 19
24 : 9 10 3 17 14 15 27 29 30
27 : 9 31 34 10 35 3 11 14 24 15 4 19
28 : 9 10 3 11 14 15 4
4 : 9 10 12 13 14 15 27 28 29 30
5 : 33 32
6 : 34 35 12
7 : 
8 : 34 14 25 29 32
18 : 9 31 34 35 14 15 25 26 29 30
19 : 9 23 14 15 27 25 26 29 30
16 : 
31 : 34 35 23 27 18
36 : 20
22 : 
Graph 2
1 : 13 15 19 21 24 26 28 30 31 33 34 36
13 : 1 21 26 30 33 34 36 8
15 : 1
19 : 1 22 23 25 3 30 34 36 2 8 11 14
21 : 1 10 13 2 11 14
24 : 1 16 3 34 36 8
26 : 1 13 3
28 : 1 25 3 4 20 32 5 34 36 2 8 14
30 : 1 10 16 13 22 23 19 4 20 32 5 31 2 14
31 : 1 22 25 3 20 27 30 5 17 34 36 2 8 11 14
33 : 1 10 13 23 27 5 9 11 14 18
34 : 1 13 19 3 4 24 28 5 31 36 2 8
36 : 1 13 19 3 4 24 28 5 31 34 7 2
2 : 16 22 23 19 25 21 28 30 31 34 36 11 14
11 : 16 23 19 21 20 27 32 5 31 33 2
14 : 16 22 23 19 21 4 28 30 5 31 33 2
16 : 22 23 25 24 30 2 11 14
22 : 10 16 19 20 27 30 32 5 31 2 14
23 : 10 16 19 20 30 17 33 2 11 14
25 : 10 16 19 4 28 5 31 2
3 : 19 24 26 28 31 34 36
4 : 25 20 27 28 30 32 34 36 14
20 : 22 23 4 28 30 5 31 11
27 : 22 4 32 31 17 33 11
32 : 22 4 27 28 30 17 11
5 : 22 25 20 28 30 31 17 33 34 36 11 14
17 : 23 27 32 5 31
6 : 
7 : 36
8 : 13 19 24 28 31 34
9 : 33 18
18 : 33 9
10 : 22 23 25 21 30 33
12 : 
29 : 
35 : 
Graph 3
1 : 9 10 11 12 14 15 19 24 28 34
9 : 1 22 23 25 26 3 19 24 17 18 20 21
10 : 1 22 23 25 26 24
11 : 1 23 26 3 27 19 30 24 32 28 36 34 2 7
12 : 1 3 4 19 24 28 34 2 31 35 7 8
14 : 1 22 23 26 3 19 24 36 2
15 : 1 3 4 19 24 28 34 2 7
19 : 1 22 9 23 25 11 26 3 12 14 15
24 : 1 9 10 11 12 14 15
28 : 1 22 23 11 26 3 12 15 32 36 34 2 17 7
34 : 1 22 23 11 26 3 12 15 28 36 2 31 6
2 : 22 23 25 11 26 12 14 15 28 34 17 18 20 21
17 : 9 29 28 2
18 : 9 33 32 2 31
20 : 9 2
21 : 9 23 27 32 2
22 : 9 10 3 14 27 19 30 32 28 36 34 2 7
23 : 9 10 11 33 3 4 14 19 30 28 36 34 2 31 7 21
25 : 9 10 3 19 36 2
26 : 9 10 11 3 4 14 19 28 34 2 7
3 : 22 9 23 25 11 26 12 14 15 19 28 34
4 : 23 26 12 15 27 30 32 36
27 : 22 11 33 4 32 31 21
30 : 22 23 11 4 32
32 : 22 11 4 27 30 28 18 21
36 : 22 23 25 11 4 14 28 34 7
5 : 31 35
31 : 23 12 27 5 34 35 18
35 : 12 5 31
6 : 34
7 : 22 23 11 26 12 15 28 36
8 : 12
13 : 
16 : 
29 : 17
33 : 23 27 18
Graph 4
1 : 9 10 11 12 14 15 19 24 28 31 34 35
9 : 1 20 23 26 27 30 32 36 19 31 5 35 16 8 17
10 : 1 22 27 30 19 24 31 5 34 35 2 8 17
11 : 1 19 24 28 31 5 34 35 2 8
12 : 1 26 30 32 36 31 21 35 8
14 : 1 23 26 27 30 19 31 5 35 2 16 8 17
15 : 1
19 : 1 9 23 10 26 11 27 30 14 32 36 5 35 8
24 : 1 10 11 27 30 5 34 35 2 16 8 17
28 : 1 22 11 5 34 35 2 8 17
31 : 1 9 10 26 11 12 30 14 36 21 35 8
34 : 1 23 10 26 11 27 30 24 28 5 2 6 16 8 17
35 : 1 9 10 11 12 14 19 24 28 31 6
2 : 20 23 10 26 11 27 30 14 32 36 24 28 34 16 17
16 : 22 9 23 26 14 32 36 24 34 2
17 : 9 23 10 26 27 30 14 32 36 24 28 34 2
20 : 9 36 2
23 : 9 14 32 36 19 34 21 2 16 17
26 : 9 27 12 14 19 31 5 34 2 16 17
27 : 22 9 10 26 14 32 36 19 24 34 21 2 17
30 : 22 9 10 12 14 19 24 31 5 34 2 17
32 : 9 23 27 12 36 19 5 21 2 16 17
36 : 20 9 23 27 12 32 19 31 5 2 16 17
3 : 25 29
25 : 3
29 : 3 4
4 : 29
5 : 9 10 26 11 30 14 32 36 19 24 28 34 21
21 : 23 27 12 32 31 5
6 : 34 35
7 : 
8 : 9 10 11 12 14 19 24 28 31 34
22 : 10 27 30 28 16
13 : 
18 : 
33 : 
Graph 5
1 : 11 15 17 21 22 26 28 29 33 35 36
11 : 1 28 29 30
15 : 1 17 22 4 28 29
17 : 1 31 3 15 24 26 28 29 30 5 33 13 2
21 : 1 31 3 24 4 28 29 5 13 2
22 : 1 31 3 9 15 14 32 28 29 30 5 33 13 16 18
26 : 1 31 3 9 14 17 32 4 28 29 5 13 16 18
28 : 1 34 11 15 17 21 22 26 5 33
29 : 1 31 3 11 15 17 21 22 24 26 5 33 13 2 19
33 : 1 9 14 17 23 22 4 28 29 5 10 13 18
35 : 1 4 5 6
36 : 1 3 4 5 2 6 7
2 : 34 17 21 29 36 16 18 19
16 : 9 14 23 22 24 26 32 2
18 : 31 3 9 14 22 24 26 33 10 2
19 : 34 3 29 2
34 : 31 3 24 28 13 2 19
3 : 34 9 14 17 21 23 22 24 26 32 29 36 18 19
9 : 31 3 22 24 26 5 33 16 18 20
14 : 31 3 22 24 26 5 33 16 18
23 : 31 3 32 33 10 16
24 : 34 3 9 14 17 21 32 29 16 18
32 : 3 23 22 24 26 10 16
4 : 15 21 26 30 33 35 36
30 : 11 17 22 4
5 : 9 14 17 21 22 26 28 29 33 10 35 13 36
10 : 31 23 32 5 33 18
13 : 34 17 21 22 26 29 5 33
6 : 35 36
7 : 36
8 : 
20 : 9
31 : 34 9 14 17 21 23 22 26 29 10 18
12 : 
25 : 
27 : 
Graph 6
1 : 9 10 11 12 13 14 15
9 : 1 28 32 33 34 35 3 17 20 5 21 22 25 6 26 27
10 : 1 23 24 22 25 26
11 : 1 7 33 35 3 2 30 36 5 21 6 26
12 : 1 32 33 3 24 16 22 25 31 26
13 : 1 32 33 34 35 3 5 16 22 25 26 18 27
14 : 1 3 2 36 5 6 26
15 : 1 7 3 2 4 5 6
2 : 28 32 33 11 34 35 14 15 17 20 21 22 25 26 27
17 : 28 9 29 2 30 27
20 : 28 9 33 35 2 22 27
21 : 28 9 29 11 2 4 22 27
22 : 9 32 10 29 33 34 12 35 3 13 2 30 20 5 21 6
25 : 9 10 12 3 13 2 36 5 6
26 : 7 9 10 11 12 3 13 14 2 4 5 6
27 : 9 34 35 13 24 2 17 20 21 16 31 6
28 : 9 2 17 20 21 16 18
32 : 9 12 13 23 24 2 5 16 22 6
33 : 9 29 11 34 12 13 23 24 2 4 20 5 16 22 6
34 : 9 33 13 24 2 16 22 31 6 18 27
35 : 9 29 11 13 24 2 4 20 16 22 31 6 18 27
3 : 9 11 12 13 14 23 15 24 22 25 26
23 : 32 10 33 3 16 31
24 : 32 10 33 34 12 35 3 5 16 18 27
4 : 33 35 15 30 36 21 26
30 : 11 4 17 22
36 : 7 11 14 4 25
5 : 9 32 33 11 13 14 15 24 16 22 25 31 26
16 : 28 32 33 34 12 35 13 23 24 5 6 27
31 : 34 12 35 23 5 18 27
6 : 9 32 33 11 34 35 14 15 16 22 25 26 18 27
18 : 28 34 35 13 24 31 6
7 : 11 15 36 26
8 : 
29 : 33 35 17 21 22
19 : 
Graph 7
1 : 10 16 22 23 24 26
10 : 1 22 23 24 26
16 : 1 34 36 22 23 29 24 26 2 12 13 15 7 11
22 : 1 10 16 29 7 27 28
23 : 1 34 10 36 16 29 19 2 21 32 13 15 7 17 11
24 : 1 34 10 36 16 29 5 2 21 15 33 7 17 11 27
26 : 1 10 16 4 5 2 6 7
2 : 34 36 16 23 24 26 12 13 15 17 20 27 28 30
12 : 34 36 16 29 19 2 21 32 7 17
13 : 34 36 16 23 29 5 2 21 33 7 17 27
15 : 16 23 29 5 24 2 6 7 17 27 28
17 : 34 36 23 24 2 12 13 15 27 28 30
20 : 36 2 9
27 : 34 36 22 24 19 2 21 32 13 15 17 11
28 : 34 36 22 5 2 21 15 33 17 11
30 : 5 2 6 17 11
34 : 36 16 23 5 24 2 21 12 6 13 33 17 9 27 28
36 : 34 16 23 5 24 2 12 32 6 13 17 9 20 27 28
3 : 
4 : 29 26
29 : 16 4 22 23 24 12 13 15 9 11
5 : 34 36 24 19 26 21 32 13 15 28 30
19 : 23 5 12 33 27
21 : 34 23 5 24 12 6 13 27 28
32 : 18 36 23 5 12 27
6 : 34 36 26 21 15 33 30
33 : 34 24 19 6 13 28
7 : 16 22 23 24 26 12 13 15 9 11
9 : 34 36 29 7 20
11 : 16 23 29 24 7 27 28 30
8 : 
14 : 
18 : 32
25 : 
31 : 
35 : 
Graph 8
1 : 9 11 13 16 21 22 24 27 29 30
9 : 1 4 16 21 22 27 29 30 18 19 20 28
11 : 1 27 29 30 28
13 : 1 4 16 21 22 34 35 27 29 30 2 18 20
16 : 1 9 15 4 13 22 27 29 30 28
21 : 1 3 9 4 13 24 27 29 28
22 : 1 3 9 15 13 16 27 29 30 28
24 : 1 3 15 4 21 34 35 27 29 30 2 18 20
27 : 1 3 9 11 13 16 32 21 33 22 34 24 35 7 8 20
29 : 1 3 9 11 13 16 21 33 22 24 35 12 23 36 8
30 : 1 3 9 11 13 16 22 24
2 : 13 24 18 19 20 28
18 : 9 13 32 33 34 24 35 6 2 28
19 : 9 34 35 2
20 : 9 5 13 33 24 35 6 27 12 2 23 36 28
28 : 9 4 11 16 21 22 34 35 2 18 20
3 : 15 21 22 24 27 29 30
15 : 3 16 22 24
4 : 9 13 16 21 24 28
5 : 32 33 34 35 20
32 : 5 27 12 23 18 36
33 : 5 34 27 7 29 18 20
34 : 5 13 33 24 6 27 12 23 18 36 19 28
35 : 5 13 24 6 27 7 29 18 19 20 28
6 : 34 35 18 20
7 : 33 35 27 12 23 36
12 : 32 34 7 29 36 20 25
23 : 32 34 7 29 36 10 20
36 : 32 34 7 29 12 23 20
8 : 27 29
10 : 23 25
25 : 12 10
14 : 
17 : 
26 : 
31 : 
Graph 9
1 : 9 10 11 12 13 20 21 25 26 29 30 32 33 34 35
9 : 1 19 20 21 4 29 30
10 : 1 23 24 28 4 25 26 27 29 30 17
11 : 1 28 27 29 30
12 : 1 28 31 4 29 30 32 33 17
13 : 1 2 3 20 21 4 25 26 5 29 30 32 33 34 35
20 : 1 9 15 13 4 30
21 : 1 9 13 4 25 32 34
25 : 1 2 16 10 15 19 13 28 21 31 4 5 30 33
26 : 1 2 16 10 19 13 28 31 4 5 34
29 : 1 9 10 15 11 12 13
30 : 1 9 10 11 12 13 20 25 32 34
32 : 1 2 16 15 18 19 12 13 28 21 4 27 30
33 : 1 2 16 18 19 12 13 28 4 25 27 34
34 : 1 2 15 19 3 13 24 28 21 31 4 26 5 30 33
35 : 1 2 19 3 13 24 28 31 4 5
2 : 16 18 19 13 25 26 32 33 34 35
16 : 2 24 28 31 25 26 5 32 33
18 : 2 28 31 32 33
19 : 2 9 3 25 26 5 32 33 34 35
3 : 19 13 24 28 31 34 35
24 : 16 10 3 34 35
28 : 16 10 18 11 3 12 4 25 26 5 32 33 34 17 35
31 : 16 18 3 12 25 26 27 5 34 35
4 : 9 10 12 13 20 28 21 25 26 27 32 33 34 35
27 : 10 11 31 4 32 33 17
5 : 16 19 13 28 31 25 26 34 35
6 : 
7 : 36
36 : 7
8 : 
17 : 10 12 28 27
23 : 10
14 : 
15 : 20 25 29 32 34
22 : 
Graph 10
1 : 10 16 25
10 : 1 23 24 26 25 22
16 : 1 23 24 26 2 11 12 13 15 29 7 32 34 36 22
25 : 1 10 11 12 13 15 9
2 : 16 11 12 13 15 20 29 32 34 36
11 : 16 25 2 29 7 34 19 27
12 : 17 16 25 2 21 29 7 32 34 36 19
13 : 16 25 2 35 7 34
15 : 23 16 4 25 2 28 31 5 7 34 19 22
20 : 2 9 36
29 : 16 4 2 11 12 9 19 22
32 : 17 23 16 2 12 5 21 9 36 19 27
34 : 24 16 2 11 12 13 15 6 9
36 : 17 23 16 2 31 12 5 20 32 9 19 27
3 : 23 24 26 22
22 : 10 16 28 31 35 5 15 29 8 3
23 : 10 16 31 35 15 21 30 32 8 36 3
24 : 10 16 4 5 34 8 3
26 : 10 16 3
4 : 24 28 31 35 15 29
28 : 4 35 15 22
31 : 23 4 35 5 15 21 30 36 22
35 : 23 4 28 31 5 13 19 22
5 : 24 31 35 15 21 30 32 36 22
21 : 23 31 12 5 32 27
30 : 17 23 31 5
6 : 34
7 : 16 11 12 13 15 9
9 : 25 20 29 7 32 34 36
8 : 23 24 22
19 : 11 12 35 15 29 32 36
27 : 17 11 21 32 36
17 : 12 30 32 36 27
14 : 
18 : 
33 : 
Graph 11
1 : 9 12 13 16 17 20 21 23 24 27 28 32 33 34 35
9 : 1 16 17 20 21 18 19
12 : 1 31 32 33
13 : 1 5 20 23 27 32 33 34 35
16 : 1 26 9 30 25 29 5 6 23 7 24 27 11 28
17 : 1 9 30 29 5 6 7 27 28
20 : 1 9 13 5 31 23 10 27 11 15 33
21 : 1 9 25 29 5 6 23 7 24 10 27 11 28
23 : 1 3 30 13 16 29 20 21 31 7 11 34 35
24 : 1 3 30 16 29 5 21 7 27 11
27 : 1 13 4 16 17 20 21 31 7 24 34 35
28 : 1 4 16 17 5 21 7
32 : 1 12 13 10 11 15
33 : 1 12 13 25 29 20 7 10 11 34
34 : 1 13 5 31 23 10 27 11 15 33 19
35 : 1 13 25 29 5 31 23 7 10 27 11
2 : 
3 : 22 25 23 24
22 : 3
25 : 3 30 16 21 10 15 33 35
4 : 29 27 28
29 : 4 16 17 21 23 24 10 11 15 33 35
5 : 13 16 17 20 21 31 24 28 34 35
31 : 12 5 20 23 27 34 35
6 : 16 17 21
7 : 16 17 21 23 24 10 27 11 28 15 33 35
10 : 26 30 25 29 20 21 7 32 33 34 35
11 : 30 16 29 20 21 23 7 24 32 33 34 35
15 : 25 29 20 7 32 34
8 : 
18 : 9
19 : 9 34
26 : 16 10
30 : 25 16 17 23 24 10 11
14 : 
36 : 
Graph 12
1 : 9 10 11 12 13 14 15
9 : 1 22 23 4 16 5 20 21 33
10 : 1
11 : 1 27 28 29 30
12 : 1 22 4 31 32 33
13 : 1 22 17 23 4 18 29 30 5 32 34 35 33
14 : 1 36 22 23 4 16 2 30 5 21 6 24 35 33
15 : 1 22 23 4 16 2 5 6 24 25 7
2 : 14 15 19 20 21 24 25 26 33
19 : 29 2 30 32 34 35
20 : 36 9 2 30 6 24 35
21 : 9 14 2 6 24 25 7
24 : 3 4 14 15 29 2 30 5 20 21 32 34 35 33
25 : 3 36 4 15 2 30 5 21 6 35 33
26 : 3 4 2 5 6 7
33 : 9 23 12 16 13 14 2 5 6 24 25 7
3 : 22 23 24 25 26
22 : 3 9 12 16 13 27 14 28 15 29 30
23 : 3 9 4 16 13 14 15 31 32 33
4 : 9 23 12 16 13 27 14 28 15 29 30 24 25 26
16 : 9 22 23 4 14 15 5 33
27 : 22 4 11
28 : 22 17 4 11 34 35
29 : 36 22 17 4 11 13 19 31 6 24 35
30 : 22 17 4 11 13 14 19 20 31 32 6 24 25 7
5 : 9 16 13 14 15 31 32 24 25 26 33
31 : 17 23 18 12 29 30 5 34 35
32 : 36 17 23 18 12 13 30 5 19 6 24 35
6 : 14 15 29 30 20 21 32 25 34 26 35 33
34 : 36 13 28 19 31 6 24
35 : 13 14 28 29 19 20 31 32 6 24 25 7
7 : 36 15 30 21 26 35 33
36 : 14 29 20 32 25 34 7
8 : 
17 : 13 28 29 30 31 32
18 : 13 31 32
Graph 13
1 : 11 27 28
11 : 1 27 28 29 30
27 : 1 11 9 10 14 15 19 31 34 6 24
28 : 1 11 9 10 14 15 12
2 : 18 19 20 21 29 30
18 : 9 2 10 14 15 31 34 29 30 7 8 24
19 : 5 27 9 2 10 14 15 29 12 30 7 8
20 : 9 2 10 30 8 23 24
21 : 9 2 10 23 24 25
29 : 4 11 9 2 10 18 19 3 8 23 24
30 : 4 11 9 2 10 18 19 20 3 23 24 25
3 : 26 29 30 17 23 24 25
17 : 3
23 : 10 14 15 20 31 21 34 29 30 3 7 8 16
24 : 5 27 10 14 18 15 20 21 29 12 30 3 7 8 16
25 : 10 21 30 3 8 16
26 : 10 3 16
4 : 29 30
5 : 9 10 14 15 19 31 34 24
9 : 5 27 28 18 19 20 21 6 29 30 7 8 16
10 : 26 5 27 28 18 19 20 21 6 29 30 7 8 23 24 25
14 : 5 27 28 18 19 6 23 24 36
15 : 32 5 27 28 18 19 34 6 23 24
31 : 5 27 18 34 12 23
34 : 5 27 18 15 31 12 23 36
6 : 27 9 10 14 15 12
12 : 28 19 31 34 6 24
7 : 9 10 18 19 23 24
8 : 9 10 18 19 20 29 23 24 25
16 : 26 9 23 24 25
13 : 
36 : 32 14 34
32 : 15 36
22 : 
33 : 
35 : 
Graph 14
1 : 10 13 14 16 19 20 22 23 26 28 29 31 32 35 36
10 : 1 25 22 23 26 24
13 : 1 16 20 22 23 26 7 29 32 35 36
14 : 1 36
16 : 1 2 13 34 4 12 23 28 7 8 27 32 33 35 24
19 : 1 2 4 12 23 7 8 27 32 33
20 : 1 2 13 4 12 22 26 28 8 27 33 35
22 : 1 10 13 34 9 20 12 15 7 29 32 36
23 : 1 10 13 34 16 4 19 28 7 32 33 35
26 : 1 10 17 13 34 4 9 20 12 28 7 27 32
28 : 1 17 16 4 9 20 12 15 23 26 7 32 35 36
29 : 1 17 13 4 9 12 22 15 36
31 : 1 4 5 7
32 : 1 13 16 4 19 22 23 5 26 28 35
35 : 1 17 13 16 4 9 20 12 23 28 7 27 32 24
36 : 1 17 13 14 4 9 12 22 28 29 27
2 : 17 18 21 16 19 20
17 : 2 9 15 26 28 29 8 27 33 35 36
18 : 2 8
21 : 2 9
3 : 
4 : 16 19 9 20 12 15 23 26 28 29 31 32 35 36
9 : 17 21 4 22 26 28 29 8 27 33 35 36
12 : 16 4 19 20 22 26 28 29 33 35 36
15 : 17 4 22 28 29 27
5 : 31 32
6 : 
7 : 13 16 19 22 23 26 28 31 35
8 : 17 18 16 19 9 20
27 : 17 16 19 9 20 15 26 33 35 36
33 : 17 16 19 9 20 12 23 27
24 : 10 34 16 35
25 : 10
11 : 
34 : 16 22 23 26 24
30 : 
Graph 15
1 : 9 10 12 13 15 22
9 : 1 5 16 25
10 : 1 5 22 2 6 8
12 : 1 30 17 20 31 33 25 28
13 : 1 5 17 20 23 26 21 25 8 18
15 : 1 5 17 20 31 23 25 34 18 28
22 : 1 29 30 5 10 2 6 16 7 8 27 28
2 : 10 22 16 19 21 25
16 : 9 22 2 6 25 8
19 : 2 23 26 8
21 : 13 31 2 23 34 28
25 : 9 30 5 12 17 13 15 2 6 16 36 8 27 28
3 : 
4 : 29 30 27 28
27 : 14 17 20 31 22 33 7 11 25 4
28 : 14 5 12 17 20 15 22 23 26 7 21 11 25 4 8 18
29 : 17 22 11 36 4
30 : 14 5 12 17 20 31 22 23 7 11 25 4 34 18
5 : 9 30 10 17 13 20 15 31 22 33 25 28
17 : 14 29 30 5 12 13 15 7 25 27 28
20 : 30 5 12 13 15 36 27 28
31 : 30 5 12 15 23 26 21 8 27 18
33 : 5 12 23 27 34 18
6 : 10 22 16 23 26 25
23 : 30 13 15 31 33 6 19 21 8 28
26 : 13 31 6 19 34 28
7 : 30 17 22 11 36 27 28
11 : 29 30 7 27 28
36 : 14 29 32 20 7 25 34
8 : 10 13 31 22 16 23 19 25 34 28
34 : 30 15 33 26 21 36 8
18 : 30 13 15 31 33 28
14 : 30 17 36 27 28
24 : 
32 : 36
35 : 
Graph 16
1 : 11 12 17 18 22 23 28 29 30 31 32 33
11 : 1 28 27 29 30
12 : 1 17 22 4 28 29 30 31 32 33
17 : 1 8 3 12 13 23 28 27 32 34 33 35 2 7 24
18 : 1 8 3 4 6 2 7
22 : 1 3 12 9 13 14 15 28 27 29 30 16
23 : 1 3 9 17 13 14 15 4 28 29 30 31 32 33 16
28 : 1 8 11 3 12 17 22 23 32 34 33 35 7
29 : 1 8 11 3 12 13 22 23 33 35 24 36
30 : 1 11 3 12 13 22 23
31 : 1 8 3 12 23 4 27 34 35 7
32 : 1 8 3 12 17 13 23 4 28 27 35 24 36
33 : 1 3 12 17 13 23 4 28 27 29
2 : 20 21 17 18 16 19
16 : 25 26 9 22 23 2 24
19 : 2
20 : 2
21 : 25 14 2 24
3 : 9 17 13 18 14 22 15 23 28 29 30 31 32 33
9 : 25 3 26 22 23 16 24
13 : 8 3 17 22 23 29 30 32 34 33 35 7
14 : 21 3 26 22 23 24
15 : 3 22 23
4 : 12 18 23 27 31 32 33
27 : 11 17 22 4 31 32 33
5 : 
6 : 18 34 35
34 : 17 13 28 6 31 24 36
35 : 17 13 28 29 6 31 32 7
7 : 17 13 18 28 31 35 24 36
24 : 21 9 17 14 29 32 34 7 16 36
36 : 29 32 34 7 24
8 : 17 13 18 28 29 31 32
25 : 21 9 16
26 : 9 14 16
10 : 
Graph 17
1 : 11 17 22 27 28 29 30
11 : 1 27 28 29 30
17 : 1 27 28 29 30 2 10 12 13 14 15
22 : 1 20 33 31 32 28 29 30 2 5 13 14 15 3 19 21
27 : 1 11 17 2 15
28 : 1 11 17 22 35 2 5 34 7 8 3
29 : 1 11 17 22 31 35 36 2 5 13 8 3 19
30 : 1 11 17 22 2 5
2 : 17 22 27 28 29 30 10 12 13 14 15
10 : 20 17 2 18 19 21
12 : 17 31 32 2
13 : 23 17 26 22 32 29 36 2 34 7 3 18 21
14 : 23 17 26 22 2 3 18 19 21
15 : 17 22 27 2 5
3 : 20 23 26 22 31 32 28 35 29 36 13 14 19
19 : 23 26 22 32 29 36 10 34 7 14 3
20 : 23 26 22 10 3
23 : 20 33 31 32 13 14 3 19 21
26 : 20 31 32 13 14 3 19
31 : 23 26 22 29 36 12 34 7 3 18 21
32 : 23 26 22 12 13 3 18 19 21
35 : 28 29 6 7 3
36 : 31 29 34 7 13 3 19
4 : 
5 : 22 28 29 30 15
6 : 35 34
34 : 31 28 36 6 13 19
7 : 31 28 35 36 13 19
8 : 28 29
9 : 
18 : 33 31 32 10 13 14
21 : 23 22 31 32 10 13 14
16 : 
33 : 23 22 18
24 : 
25 : 
Graph 18
1 : 9 15 16 17 18 19 20 26 30 33 35 36
9 : 1 16 17 18 19 20 26
15 : 1
16 : 1 12 9 11 13 14 26
17 : 1 9 27 28 29 33 35
18 : 1 9 11 14 22 28 25 31 34 35 6 3
19 : 1 12 9 11 14 22 25 23 3
20 : 1 9 11 22 27 28 5 33 35 6 3
26 : 1 12 9 11 13 14 16 3
30 : 1 4 2
33 : 1 11 14 22 17 27 28 20 5 25 34 6 2 3
35 : 1 12 11 14 22 17 18 28 20 25 31 6 2 23 3
36 : 1 4 5 6 2 7 3
2 : 30 33 35 36 21
21 : 2
3 : 12 13 14 22 27 18 28 19 29 20 26 33 35 36
12 : 16 22 28 19 26 25 31 34 35 6 3
13 : 16 22 26 25 23 3
14 : 16 22 27 18 28 19 5 26 33 35 6 3
22 : 12 13 14 27 18 28 19 29 20 33 35 3
27 : 11 14 22 17 20 25 31 33 34 6 3
28 : 12 11 14 22 17 18 20 25 33 35 23 3
29 : 11 22 17 5 6 3
4 : 30 36
5 : 14 29 20 25 31 33 34 36
25 : 12 13 27 18 28 19 5 33 35 6
31 : 12 27 18 5 34 35 23
34 : 12 27 18 5 31 33 23
6 : 12 14 27 18 29 20 25 33 35 36 23
23 : 13 28 19 31 34 35 6
7 : 36
8 : 
10 : 
11 : 16 27 18 28 19 29 20 26 33 35
24 : 
32 : 
