21 102
Graph 34
1 : 
2 : 8 9 10 11
8 : 2 13 14
9 : 2 3 14 17
10 : 2 3 4 21
11 : 2 3 14 4 17 19
3 : 9 10 11 13 14
13 : 8 20 3 17
14 : 8 9 11 3 4 21
4 : 10 11 14 17
17 : 9 11 13 4 21
5 : 
6 : 
7 : 
21 : 10 14 17 19
19 : 11 21
12 : 18
18 : 12
20 : 16 13
15 : 
16 : 20
Graph 35
1 : 
2 : 8 9 10 11
8 : 2 13 14
9 : 2 3 14
10 : 2 3 4 21
11 : 2 3 14 4 17 19
3 : 9 10 11 13 14
13 : 8 20 3
14 : 8 9 11 3 4 21
4 : 10 11 14
5 : 
6 : 
7 : 
21 : 10 14 17 19
17 : 20 11 21
19 : 16 11 21
12 : 18
18 : 12
20 : 16 13 17
15 : 
16 : 20 19
Graph 36
1 : 
2 : 8 9 10 11
8 : 2 13 14
9 : 2 3
10 : 2 3 4 21
11 : 2 3 14 4 17 19
3 : 9 10 11 13 14
13 : 8 20 3 19
14 : 8 20 16 11 3 21
4 : 10 11
5 : 
6 : 
7 : 
21 : 10 14 17 19
17 : 20 11 21
19 : 16 11 13 21
12 : 18
18 : 12
20 : 16 13 14 17
16 : 20 14 19
15 : 
Graph 37
1 : 
2 : 8 9 10 11
8 : 2 14
9 : 2 3 14 15 17 18
10 : 2 3 4 21
11 : 19 2 3 14 4 17
3 : 9 10 11 14
14 : 8 9 11 3 4 21
4 : 10 11 14 15 17 18
15 : 19 16 9 4
17 : 9 11 4 21
18 : 19 12 9 4
5 : 
6 : 
7 : 
21 : 19 10 14 17
19 : 11 15 18 21
12 : 16 18
16 : 12 15
13 : 
20 : 
Graph 38
1 : 
2 : 8 9 10 11
8 : 2 14
9 : 2 3 14 17 18
10 : 2 3 4 21
11 : 2 3 14 4 17 19
3 : 9 10 11 14
14 : 8 9 11 3 4 21
4 : 10 11 14 17 18
17 : 9 11 4 21
18 : 12 9 4 19
5 : 
6 : 
7 : 
21 : 10 14 17 19
19 : 11 18 21
12 : 16 18
16 : 12
13 : 20
20 : 13
15 : 
Graph 39
1 : 
2 : 8 9 10 11
8 : 2 14
9 : 2 3 14 17
10 : 2 3 4 21
11 : 2 3 14 4 17 19
3 : 9 10 11 14
14 : 8 9 11 3 4 21
4 : 10 11 14 17
17 : 9 11 4 21
5 : 
6 : 
7 : 
21 : 10 14 17 19
19 : 11 21
12 : 16 18
16 : 20 12
18 : 13 12
13 : 18 20
20 : 16 13
15 : 
Graph 40
1 : 
2 : 8 9 10 11
8 : 2 13
9 : 2 3
10 : 2 3 4 21
11 : 2 3 4 14 17 19
3 : 9 10 11 13
13 : 8 20 3 19
4 : 10 11
5 : 
6 : 
7 : 
21 : 10 14 17 19
14 : 18 20 11 21
17 : 12 20 11 21
19 : 16 11 13 21
12 : 18 17
18 : 12 14
20 : 16 13 14 17
15 : 
16 : 20 19
Graph 41
1 : 
2 : 8 9 10 11
8 : 2
9 : 2 3 14 17 18
10 : 2 3 4 21
11 : 2 3 4 14 17 19
3 : 9 10 11
4 : 10 11 14 17 18
14 : 16 9 11 4 18 21
17 : 12 9 11 4 21
18 : 12 9 4 14 19
5 : 
6 : 
7 : 
21 : 10 14 17 19
19 : 11 18 21
12 : 16 17 18
16 : 12 14
13 : 20
20 : 13
15 : 
Graph 42
1 : 
2 : 8 9 10 11
8 : 2
9 : 2 3 14 17
10 : 2 3 4 21
11 : 2 3 4 14 17 19
3 : 9 10 11
4 : 10 11 14 17
14 : 16 18 9 11 4 21
17 : 9 11 4 21 12
5 : 
6 : 
7 : 
21 : 10 14 17 19
19 : 11 21
12 : 16 18 17
16 : 20 14 12
18 : 13 14 12
13 : 18 20
20 : 16 13
15 : 
Graph 43
1 : 
2 : 8 9 10 11
8 : 2
9 : 2 3 17 18
10 : 2 3 4 21
11 : 2 3 4 17 14 19
3 : 9 10 11
4 : 10 11 17 18
17 : 12 9 11 4 21
18 : 12 9 4 14 19
5 : 
6 : 
7 : 
21 : 10 17 14 19
14 : 20 11 18 21
19 : 13 11 18 21
12 : 16 17 18
16 : 12
13 : 20 19
20 : 13 14
15 : 
Graph 44
1 : 
2 : 8 9 10 11
8 : 2
9 : 2 3 17
10 : 2 3 4 21
11 : 2 3 4 17 14 19
3 : 9 10 11
4 : 10 11 17
17 : 9 11 4 21 12
5 : 
6 : 
7 : 
21 : 10 17 14 19
14 : 18 20 11 21
19 : 13 11 21
12 : 16 18 17
16 : 20 12
18 : 13 14 12
13 : 18 20 19
20 : 16 13 14
15 : 
Graph 45
1 : 
2 : 8 9 10 11
8 : 2
9 : 2 3
10 : 2 3 4 21
11 : 2 3 4 14 17 19
3 : 9 10 11
4 : 10 11
5 : 
6 : 
7 : 
21 : 10 14 17 19
14 : 18 20 11 21
17 : 13 20 11 21 12
19 : 16 13 11 21
12 : 16 18 17
16 : 20 19 12
18 : 13 14 12
13 : 18 20 17 19
20 : 16 13 14 17
15 : 
Graph 46
1 : 
2 : 8 9 10 11
8 : 2 13 15
9 : 2 3 19
10 : 16 2 3 13 15 18
11 : 2 3 4 5
3 : 9 10 11 13 15
13 : 8 10 3 20 19
15 : 16 8 10 3 5 19
4 : 11
5 : 11 15 18 20
18 : 10 5 19
20 : 16 13 5
6 : 
7 : 
19 : 16 9 13 15 18
16 : 10 15 20 19
12 : 17
17 : 12
14 : 
21 : 
Graph 47
1 : 
2 : 8 9 10 11
8 : 2 13 14
9 : 2 3 19
10 : 2 3 13 16
11 : 2 3 4 5
3 : 9 10 11 13 14
13 : 8 10 3 20 19
14 : 8 21 3 16
4 : 11
5 : 11 20
20 : 13 5 16
6 : 
7 : 
19 : 9 13 16
16 : 10 14 20 19
12 : 18
18 : 12
21 : 17 14
15 : 
17 : 21
Graph 48
1 : 
2 : 8 9 10 11
8 : 2 13
9 : 2 3 19
10 : 16 2 3 13 15 18
11 : 2 3 4 5
3 : 9 10 11 13
13 : 8 10 3 20 19
4 : 11
5 : 11 15 18 20
15 : 17 10 5 19
18 : 12 10 5 19
20 : 16 13 5
6 : 
7 : 
19 : 16 9 13 15 18
16 : 10 20 19
12 : 17 18
17 : 12 15
14 : 
21 : 
Graph 49
1 : 
2 : 8 9 10 11
8 : 2 13
9 : 2 3 19
10 : 2 3 13 18 16
11 : 2 3 4 5
3 : 9 10 11 13
13 : 8 10 3 20 19
4 : 11
5 : 11 18 20
18 : 12 10 5 19
20 : 13 5 16
6 : 
7 : 
19 : 9 13 18 16
16 : 10 20 19
12 : 17 18
17 : 12
14 : 21
21 : 14
15 : 
Graph 50
1 : 
2 : 8 9 10 11
8 : 2 13
9 : 2 3 19
10 : 2 3 13 16
11 : 2 3 4 5
3 : 9 10 11 13
13 : 8 10 3 20 19
4 : 11
5 : 11 20
20 : 13 5 16
6 : 
7 : 
19 : 9 13 16
16 : 10 20 19
12 : 17 18
17 : 21 12
18 : 14 12
14 : 18 21
21 : 17 14
15 : 
Graph 51
1 : 
2 : 8 9 10 11
8 : 2
9 : 2 3 15 18 19
10 : 16 2 3 15 18 13
11 : 2 3 4 5
3 : 9 10 11
4 : 11 15 18
15 : 16 17 9 10 4 5
18 : 12 9 10 4 5
5 : 11 15 18 20
20 : 5
6 : 
7 : 
19 : 16 9 13
13 : 17 10 19
16 : 12 10 15 19
12 : 16 17 18
17 : 12 15 13
14 : 
21 : 
Graph 52
1 : 
2 : 8 9 10 11
8 : 2
9 : 2 3 18 19
10 : 16 2 3 18 15 13
11 : 2 3 4 5
3 : 9 10 11
4 : 11 18
18 : 12 9 10 4 5
5 : 11 18 15 20
15 : 17 10 5 19
20 : 5 13
6 : 
7 : 
19 : 16 9 15 13
13 : 17 10 20 19
16 : 12 10 19
12 : 16 17 18
17 : 12 15 13
14 : 
21 : 
Graph 53
1 : 
2 : 8 9 10 11
8 : 2
9 : 2 3 18 19
10 : 2 3 18 13 16
11 : 2 3 4 5
3 : 9 10 11
4 : 11 18
18 : 12 9 10 4 5
5 : 11 18 20
20 : 5 13
6 : 
7 : 
19 : 9 13 16
13 : 17 10 20 19
16 : 12 10 19
12 : 17 18 16
17 : 12 13
14 : 21
21 : 14
15 : 
Graph 54
1 : 
2 : 8 9 10 11
8 : 2
9 : 2 3 19
10 : 2 3 18 13 16
11 : 2 3 4 5
3 : 9 10 11
4 : 11
5 : 11 18 20
18 : 12 10 5 19 13
20 : 5 13 16
6 : 
7 : 
19 : 9 18 13 16
13 : 17 10 18 20 19
16 : 12 10 20 19
12 : 17 18 16
17 : 12 13
14 : 21
21 : 14
15 : 
Graph 55
1 : 
2 : 8 9 10 11
8 : 2
9 : 2 3 19
10 : 2 3 13 16
11 : 2 3 4 5
3 : 9 10 11
4 : 11
5 : 11 20
20 : 5 13 16
6 : 
7 : 
19 : 9 13 16
13 : 17 18 10 20 19
16 : 10 20 19 12
12 : 17 18 16
17 : 21 13 12
18 : 14 13 12
14 : 18 21
21 : 17 14
15 : 
Graph 56
1 : 
2 : 8 9 10 11
8 : 2 13 14
9 : 2 3 20
10 : 2 3 4 21
11 : 17 2 3 13 14 16
3 : 9 10 11 13 14
13 : 8 19 11 3 20
14 : 8 11 3 20 21 16
4 : 10
5 : 
6 : 
7 : 
20 : 17 9 13 14 16
21 : 17 19 10 14
16 : 19 11 14 20
17 : 11 20 21
12 : 18
18 : 12
19 : 13 21 16
15 : 
Graph 57
1 : 
2 : 8 9 10 11
8 : 2 14
9 : 2 3 14 17 20
10 : 2 3 4 21
11 : 16 2 3 14 17 13
3 : 9 10 11 14
14 : 8 9 11 3 4 21
4 : 10 14 17
17 : 9 11 4 21
5 : 
6 : 
7 : 
20 : 16 9 13
21 : 10 19 14 17
13 : 18 11 20
16 : 12 11 20
12 : 16 18
18 : 12 13
15 : 
19 : 21
Graph 58
1 : 
2 : 8 9 10 11
8 : 2 13
9 : 2 3 20
10 : 2 3 4 21
11 : 17 2 3 13 14 16
3 : 9 10 11 13
13 : 8 19 11 3 20
4 : 10
5 : 
6 : 
7 : 
20 : 17 9 13 14 16
21 : 17 19 10 14
14 : 18 11 20 21
16 : 19 11 20
17 : 12 11 20 21
12 : 17 18
18 : 12 14
19 : 13 21 16
15 : 
Graph 59
1 : 
2 : 8 9 10 11
8 : 2
9 : 2 3 14 17 20
10 : 2 3 4 21
11 : 16 2 3 14 17 13
3 : 9 10 11
4 : 10 14 17
14 : 16 18 9 11 4 21
17 : 12 9 11 4 21
5 : 
6 : 
7 : 
20 : 16 9 13
21 : 10 19 14 17
13 : 18 11 20
16 : 12 11 14 20
12 : 16 18 17
18 : 12 14 13
15 : 
19 : 21
Graph 60
1 : 
2 : 8 9 10 11
8 : 2
9 : 2 3 17 20
10 : 2 3 4 21
11 : 16 2 3 17 13 14
3 : 9 10 11
4 : 10 17
17 : 12 9 11 4 21
5 : 
6 : 
7 : 
20 : 16 9 13 14
21 : 19 10 17 14
13 : 18 19 11 20
14 : 18 11 20 21
16 : 12 11 20
12 : 16 18 17
18 : 12 13 14
19 : 21 13
15 : 
Graph 61
1 : 
2 : 8 9 10 11
8 : 2
9 : 2 3 20
10 : 2 3 4 21
11 : 17 2 3 13 14 16
3 : 9 10 11
4 : 10
5 : 
6 : 
7 : 
20 : 17 9 13 14 16
21 : 17 19 10 14
13 : 17 18 19 11 20
14 : 18 11 20 21
16 : 12 19 11 20
17 : 12 11 20 21 13
12 : 17 18 16
18 : 12 13 14
19 : 21 13 16
15 : 
Graph 62
1 : 
2 : 8 9 10 11
8 : 2 13
9 : 2 3 20 19
10 : 2 3 13 18 16
11 : 2 3 13 5 19 16
3 : 9 10 11 13
13 : 8 10 11 3 20 19
4 : 
5 : 11 18 20
18 : 12 10 5 19
20 : 9 13 5 16
6 : 
7 : 
19 : 9 11 13 18 16
16 : 10 11 20 19
12 : 17 18
17 : 12
14 : 21
21 : 14
15 : 
Graph 63
1 : 
2 : 8 9 10 11
8 : 2 13
9 : 2 3 20 19
10 : 2 3 13 16
11 : 2 3 13 5 19 16
3 : 9 10 11 13
13 : 8 10 11 3 20 19
4 : 
5 : 11 20
20 : 9 13 5 16
6 : 
7 : 
19 : 9 11 13 16
16 : 10 11 20 19
12 : 17 18
17 : 21 12
18 : 14 12
14 : 18 21
21 : 17 14
15 : 
Graph 64
1 : 
2 : 8 9 10 11
8 : 2
9 : 2 3 20 19
10 : 2 3 18 13 16
11 : 2 3 5 19 13 16
3 : 9 10 11
4 : 
5 : 11 18 20
18 : 12 10 5 19 13
20 : 9 5 13 16
6 : 
7 : 
19 : 9 11 18 13 16
13 : 17 10 11 18 20 19
16 : 12 10 11 20 19
12 : 17 18 16
17 : 12 13
14 : 21
21 : 14
15 : 
Graph 65
1 : 
2 : 8 9 10 11
8 : 2
9 : 2 3 20 19
10 : 2 3 13 16
11 : 2 3 5 19 13 16
3 : 9 10 11
4 : 
5 : 11 20
20 : 9 5 13 16
6 : 
7 : 
19 : 9 11 13 16
13 : 17 18 10 11 20 19
16 : 10 11 20 19 12
12 : 17 18 16
17 : 21 13 12
18 : 14 13 12
14 : 18 21
21 : 17 14
15 : 
Graph 66
1 : 
2 : 8 9 10 11
8 : 2
9 : 2 3 20 19
10 : 2 3 13 16 21
11 : 14 2 17 3 13 16
3 : 9 10 11
4 : 
5 : 20
20 : 9 5 13 16
6 : 
7 : 
19 : 9 13 16
13 : 17 18 10 11 20 19
16 : 12 10 11 20 19
21 : 14 17 10
14 : 18 11 21
17 : 12 11 13 21
12 : 17 18 16
18 : 14 12 13
15 : 
Graph 67
1 : 
2 : 8 9 10 11
8 : 2
9 : 2 3 19 20
10 : 2 3 20 13 16 21
11 : 14 2 17 3 13 16
3 : 9 10 11
4 : 
5 : 
6 : 
7 : 
19 : 9 13 16 21
20 : 14 17 9 10 13 16
13 : 17 18 10 11 19 20
16 : 12 10 11 19 20
21 : 14 17 10 19
14 : 18 11 20 21
17 : 12 11 20 13 21
12 : 17 18 16
18 : 14 12 13
15 : 
Graph 68
1 : 
2 : 8 9 10 11
8 : 2 16
9 : 2 14 12
10 : 21 2 3 4
11 : 2 19 3 4 14 17
3 : 10 11
4 : 10 11 14 17 18
14 : 21 9 11 4 18 16
17 : 21 11 4 12
18 : 19 4 14 12
5 : 
6 : 
7 : 
16 : 8 14 12
12 : 9 17 18 16
21 : 19 10 14 17
19 : 21 11 18
13 : 20
20 : 13
15 : 
Graph 69
1 : 
2 : 8 9 10 11
8 : 2 16
9 : 2 12
10 : 2 3 4 21
11 : 14 2 19 3 4 17
3 : 10 11
4 : 10 11 17 18
17 : 11 4 12 21
18 : 14 19 4 12
5 : 
6 : 
7 : 
16 : 8 12
12 : 9 17 18 16
21 : 14 19 10 17
14 : 20 11 18 21
19 : 13 11 18 21
13 : 19 20
20 : 14 13
15 : 
Graph 70
1 : 
2 : 8 9 10 11
8 : 2 13 17
9 : 19 2 3
10 : 2 12 13 15
11 : 2 3 4 5
3 : 9 11 13
13 : 19 8 10 3 20
4 : 11
5 : 11 15 18 20
15 : 19 10 5 17
18 : 19 12 5
20 : 16 13 5
6 : 
7 : 
17 : 12 8 15
19 : 9 16 13 15 18
12 : 10 18 17
14 : 
16 : 19 20
21 : 
Graph 71
1 : 
2 : 8 9 10 11
8 : 2 13 17
9 : 2 3 19
10 : 12 2 13
11 : 2 3 4 5
3 : 9 11 13
13 : 8 10 3 20 19
4 : 11
5 : 11 18 20
18 : 12 5 19
20 : 16 13 5
6 : 
7 : 
17 : 12 8
19 : 9 16 13 18
12 : 10 18 17
14 : 21
21 : 14
15 : 
16 : 20 19
Graph 72
1 : 
2 : 8 9 10 11
8 : 2 17
9 : 2 3 19
10 : 13 2 12
11 : 2 3 4 5
3 : 9 11
4 : 11
5 : 11 18 20
18 : 13 5 19 12
20 : 13 16 5
6 : 
7 : 
17 : 13 8 12
19 : 13 16 9 18
12 : 16 10 18 17
13 : 10 18 20 17 19
16 : 20 19 12
14 : 21
21 : 14
15 : 
Graph 73
1 : 
2 : 8 9 10 11
8 : 2 18
9 : 2 3 14 17 20
10 : 2 3 4 21
11 : 12 2 13 14
3 : 9 10
4 : 10 14 17
14 : 16 9 11 4 18 21
17 : 12 9 4 21
5 : 
6 : 
7 : 
18 : 12 13 8 14
20 : 13 16 9
21 : 10 19 14 17
12 : 16 11 17 18
13 : 11 18 20
16 : 12 14 20
15 : 
19 : 21
Graph 74
1 : 
2 : 8 9 10 11
8 : 2 18
9 : 2 3 17 20
10 : 2 3 4 21
11 : 13 2 14 12
3 : 9 10
4 : 10 17
17 : 9 4 21 12
5 : 
6 : 
7 : 
18 : 13 14 8 12
20 : 13 14 16 9
21 : 14 19 10 17
12 : 16 11 17 18
13 : 19 11 18 20
14 : 11 18 20 21
16 : 20 12
19 : 13 21
15 : 
Graph 75
1 : 
2 : 8 9 10 11
8 : 2 17
9 : 2 3 20 19
10 : 13 2 12
11 : 13 2 16 3 5 19
3 : 9 11
4 : 
5 : 11 18 20
18 : 13 5 19 12
20 : 13 16 9 5
6 : 
7 : 
17 : 13 8 12
19 : 13 16 9 11 18
12 : 16 10 18 17
13 : 10 11 18 20 17 19
16 : 11 20 19 12
14 : 21
21 : 14
15 : 
Graph 76
1 : 
2 : 8 9 10 11
8 : 2 18
9 : 2 3 20 19
10 : 21 2 3 13 16
11 : 2 12 14 13
3 : 9 10
4 : 
5 : 20
20 : 9 5 13 16
6 : 
7 : 
18 : 12 8 14 13
19 : 9 13 16
13 : 17 10 11 20 18 19
16 : 12 10 20 19
21 : 14 17 10
12 : 17 11 18 16
14 : 21 11 18
17 : 21 12 13
15 : 
Graph 77
1 : 
2 : 9 10 11
9 : 2 3 14 15 17
10 : 21 2 3 4
11 : 2 19 3 14 4 17
3 : 9 10 11 13 14 15
13 : 3 17
14 : 21 9 11 3 4
15 : 19 9 3 4 17
4 : 10 11 14 15 17
17 : 21 9 11 13 15 4
5 : 
6 : 
7 : 12
12 : 7
8 : 
21 : 19 10 14 17
19 : 21 11 15
16 : 20
20 : 16
18 : 
Graph 78
1 : 
2 : 9 10 11
9 : 2 3 14 15
10 : 2 3 4 21
11 : 17 2 19 3 14 4
3 : 9 10 11 13 14 15
13 : 3
14 : 9 11 3 4 21
15 : 17 19 9 3 4
4 : 10 11 14 15
5 : 
6 : 
7 : 12
12 : 7
8 : 
21 : 17 19 10 14
17 : 20 11 15 21
19 : 16 11 15 21
16 : 19 20
20 : 17 16
18 : 
Graph 79
1 : 
2 : 9 10 11
9 : 2 3 14
10 : 2 3 4 21
11 : 17 2 19 3 14 4
3 : 9 10 11 13 14 15
13 : 20 3
14 : 9 11 3 4 21
15 : 17 16 3
4 : 10 11 14
5 : 
6 : 
7 : 12
12 : 7
8 : 
21 : 17 19 10 14
17 : 20 11 15 21
19 : 16 11 21
20 : 17 16 13
16 : 19 20 15
18 : 
Graph 80
1 : 
2 : 9 10 11
9 : 2 3
10 : 2 3 4 21
11 : 17 2 19 3 14 4
3 : 9 10 11 13 14 15
13 : 19 20 3
14 : 20 16 11 3 21
15 : 17 16 3
4 : 10 11
5 : 
6 : 
7 : 12
12 : 7
8 : 
21 : 17 19 10 14
17 : 20 11 15 21
19 : 16 11 13 21
20 : 17 16 13 14
16 : 19 20 14 15
18 : 
Graph 81
1 : 
2 : 9 10 11
9 : 20 2 3 14 17
10 : 2 21 3 4
11 : 2 16 3 13 14 17
3 : 9 10 11 13 14 15
13 : 20 11 3 17
14 : 21 9 11 3 4
15 : 16 3 17
4 : 10 14 17
17 : 21 9 11 13 15 4
5 : 
6 : 
7 : 12
12 : 7
8 : 
20 : 9 16 13
21 : 10 19 14 17
16 : 20 11 15
18 : 
19 : 21
Graph 82
1 : 
2 : 9 10 11
9 : 2 3 14 20
10 : 21 2 3 4
11 : 2 16 17 3 13 14
3 : 9 10 11 13 14 15
13 : 11 3 20
14 : 21 9 11 3 4
15 : 16 17 3
4 : 10 14
5 : 
6 : 
7 : 12
12 : 7
8 : 
20 : 16 9 17 13
21 : 17 10 19 14
16 : 19 11 15 20
17 : 21 11 15 20
19 : 21 16
18 : 
Graph 83
1 : 
2 : 9 10 11
9 : 19 2 3 20
10 : 2 16 3 13 15
11 : 19 2 16 3 13 5
3 : 9 10 11 13 14 15
13 : 19 10 11 3 20
14 : 16 3
15 : 19 16 10 3 5
4 : 
5 : 11 15 20
20 : 16 9 13 5
6 : 
7 : 12
12 : 7
8 : 
19 : 16 9 11 13 15
16 : 19 10 11 14 15 20
17 : 21
21 : 17
18 : 
Graph 84
1 : 
2 : 9 10 11
9 : 19 2 3 20
10 : 2 16 3 13
11 : 19 2 16 3 13 5
3 : 9 10 11 13 14 15
13 : 19 10 11 3 20
14 : 16 21 3
15 : 16 17 3
4 : 
5 : 11 20
20 : 16 9 13 5
6 : 
7 : 12
12 : 7
8 : 
19 : 16 9 11 13
16 : 19 10 11 14 15 20
21 : 17 14
17 : 21 15
18 : 
Graph 85
1 : 
2 : 9 10 11
9 : 19 2 3 20
10 : 2 16 21 3 13
11 : 2 16 17 3 13 14
3 : 9 10 11 13 14 15
13 : 19 10 11 3 20
14 : 16 21 11 3
15 : 16 17 3
4 : 
5 : 20
20 : 16 9 13 5
6 : 
7 : 12
12 : 7
8 : 
19 : 16 9 13
16 : 19 10 11 14 15 20
21 : 10 17 14
17 : 21 11 15
18 : 
Graph 86
1 : 
2 : 8 9 10
8 : 2 13 14 18
9 : 2 3 14 17 20
10 : 21 2 3 4
3 : 9 10 13 14
13 : 8 3 17 20
14 : 21 8 9 3 4
4 : 10 14 17
17 : 21 9 13 4
5 : 
6 : 
7 : 15
15 : 7
18 : 8 12
20 : 9 16 13
21 : 10 19 14 17
11 : 
12 : 18
16 : 20
19 : 21
Graph 87
1 : 
2 : 8 9 10
8 : 2 13 14 18
9 : 2 3 14 20
10 : 2 3 4 21
3 : 9 10 13 14
13 : 8 3 20
14 : 8 9 3 4 21
4 : 10 14
5 : 
6 : 
7 : 15
15 : 7
18 : 12 8
20 : 16 9 17 13
21 : 19 10 17 14
11 : 
12 : 18
16 : 19 20
19 : 16 21
17 : 20 21
Graph 88
1 : 
2 : 8 9 10
8 : 2 13 14 18
9 : 2 3 20
10 : 2 3 4 21
3 : 9 10 13 14
13 : 8 19 3 20
14 : 8 16 3 20 21
4 : 10
5 : 
6 : 
7 : 15
15 : 7
18 : 12 8
20 : 9 16 17 13 14
21 : 19 10 17 14
11 : 
12 : 18
19 : 16 13 21
16 : 19 14 20
17 : 20 21
Graph 89
1 : 
2 : 8 9 10
8 : 2 13 18
9 : 2 3 20
10 : 2 3 4 21
3 : 9 10 13
13 : 8 19 3 20
4 : 10
5 : 
6 : 
7 : 15
15 : 7
18 : 12 8 14
20 : 17 9 14 16 13
21 : 17 19 14 10
11 : 
12 : 17 18
17 : 12 20 21
19 : 16 13 21
14 : 18 20 21
16 : 19 20
Graph 90
1 : 
2 : 8 9 10
8 : 2 18
9 : 2 3 20
10 : 2 3 4 21
3 : 9 10
4 : 10
5 : 
6 : 
7 : 15
15 : 7
18 : 8 13 14 12
20 : 16 17 13 9 14
21 : 17 19 10 14
11 : 
12 : 16 17 18
16 : 19 20 12
17 : 13 20 21 12
13 : 17 19 18 20
19 : 16 13 21
14 : 18 20 21
Graph 91
1 : 
2 : 8 9 10
8 : 2 13 14 18
9 : 2 3 20 19
10 : 16 2 21 3 13
3 : 9 10 13 14
13 : 8 10 3 20 19
14 : 16 21 8 3
4 : 
5 : 20
20 : 16 9 13 5
6 : 
7 : 15
15 : 7
18 : 8 12
19 : 16 9 13
16 : 10 14 20 19
21 : 10 17 14
11 : 
12 : 18
17 : 21
Graph 92
1 : 
2 : 8 9 10
8 : 2 13 14 18
9 : 2 3 19 20
10 : 16 2 21 3 13 20
3 : 9 10 13 14
13 : 8 10 3 19 20
14 : 16 21 8 3 20
4 : 
5 : 
6 : 
7 : 15
15 : 7
18 : 8 12
19 : 16 21 9 13
20 : 16 9 10 17 13 14
16 : 10 14 19 20
21 : 10 17 14 19
11 : 
12 : 18
17 : 21 20
Graph 93
1 : 
2 : 8 9 10
8 : 2 13 18
9 : 2 3 20 19
10 : 21 2 3 13 16
3 : 9 10 13
13 : 8 10 3 20 19
4 : 
5 : 20
20 : 9 13 5 16
6 : 
7 : 15
15 : 7
18 : 8 12 14
19 : 9 13 16
16 : 10 20 19
21 : 17 10 14
11 : 
12 : 17 18
17 : 21 12
14 : 21 18
Graph 94
1 : 
2 : 8 9 10
8 : 2 13 18
9 : 2 3 19 20
10 : 21 2 3 13 20 16
3 : 9 10 13
13 : 8 10 3 19 20
4 : 
5 : 
6 : 
7 : 15
15 : 7
18 : 8 12 14
19 : 21 9 13 16
20 : 9 17 10 14 13 16
16 : 10 19 20
21 : 17 10 14 19
11 : 
12 : 17 18
17 : 21 12 20
14 : 21 18 20
Graph 95
1 : 
2 : 8 9 10
8 : 2 18
9 : 2 3 20 19
10 : 21 2 3 13 16
3 : 9 10
4 : 
5 : 20
20 : 9 5 13 16
6 : 
7 : 15
15 : 7
18 : 8 12 14 13
19 : 9 13 16
13 : 17 10 20 18 19
16 : 12 10 20 19
21 : 17 10 14
11 : 
12 : 17 18 16
17 : 21 12 13
14 : 21 18
Graph 96
1 : 
2 : 8 9 10
8 : 2 18
9 : 2 3 19 20
10 : 21 2 3 20 13 16
3 : 9 10
4 : 
5 : 
6 : 
7 : 15
15 : 7
18 : 8 12 14 13
19 : 21 9 13 16
20 : 9 17 10 14 13 16
13 : 17 10 18 19 20
16 : 12 10 19 20
21 : 17 10 14 19
11 : 
12 : 17 18 16
17 : 21 12 20 13
14 : 21 18 20
Graph 97
1 : 
2 : 8 9 10
8 : 2 14 18 16
9 : 20 2 14 12
10 : 2 21 3 4
3 : 10 14
14 : 21 8 9 3 4
4 : 10 14 17 18
17 : 21 4
18 : 8 19 4 12
5 : 
6 : 
7 : 15
15 : 7
16 : 8 12
12 : 9 18 16
20 : 9 13
21 : 10 19 14 17
11 : 
13 : 20
19 : 21 18
Graph 98
1 : 
2 : 8 9 10
8 : 2 18 16
9 : 20 2 14 12
10 : 2 21 3 4
3 : 10
4 : 10 14 17 18
14 : 21 9 4 18 16
17 : 21 4 12
18 : 8 19 4 14 12
5 : 
6 : 
7 : 15
15 : 7
16 : 8 14 12
12 : 9 17 18 16
20 : 9 13
21 : 10 19 14 17
11 : 
13 : 20
19 : 21 18
Graph 99
1 : 
2 : 8 9 10
8 : 2 18 16
9 : 2 12 20
10 : 21 2 3 4
3 : 10
4 : 10 17 18
17 : 21 4 12
18 : 8 19 14 4 12
5 : 
6 : 
7 : 15
15 : 7
16 : 8 12
12 : 9 17 18 16
20 : 13 9 14
21 : 19 10 14 17
11 : 
13 : 19 20
19 : 21 13 18
14 : 21 18 20
Graph 100
1 : 
2 : 8 9 10
8 : 2 13 18 17
9 : 2 3 20 19
10 : 12 2 21 13
3 : 9 13
13 : 8 10 3 20 19
4 : 
5 : 18 20
18 : 12 8 5 19
20 : 9 16 13 5
6 : 
7 : 15
15 : 7
17 : 12 8
19 : 9 16 13 18
12 : 10 18 17
21 : 14 10
11 : 
14 : 21
16 : 20 19
Graph 101
1 : 
2 : 8 9 10
8 : 2 13 17 18
9 : 2 3 20 19
10 : 12 2 21 13 18
3 : 9 13
13 : 8 10 3 20 19
4 : 
5 : 20
20 : 9 16 13 5
6 : 
7 : 15
15 : 7
17 : 12 21 8
18 : 12 8 14 10
19 : 9 16 13
12 : 10 17 18
21 : 14 10 17
11 : 
14 : 21 18
16 : 20 19
Graph 102
1 : 
2 : 8 9 10
8 : 2 13 17 18
9 : 2 3 19 20
10 : 12 2 21 13 18 20
3 : 9 13
13 : 8 10 3 19 20
4 : 
5 : 
6 : 
7 : 15
15 : 7
17 : 12 21 8 20
18 : 12 8 14 10
19 : 21 9 16 13
20 : 9 14 10 16 13 17
12 : 10 17 18
21 : 14 10 17 19
11 : 
14 : 21 18 20
16 : 19 20
Graph 103
1 : 
2 : 8 9 10
8 : 2 18 17
9 : 2 3 20 19
10 : 13 2 21 12
3 : 9
4 : 
5 : 18 20
18 : 13 8 5 19 12
20 : 13 9 16 5
6 : 
7 : 15
15 : 7
17 : 13 8 12
19 : 13 9 16 18
12 : 16 10 18 17
13 : 10 18 20 17 19
21 : 10 14
11 : 
16 : 20 19 12
14 : 21
Graph 104
1 : 
2 : 8 9 10
8 : 2 17 18
9 : 2 3 20 19
10 : 13 2 21 18 12
3 : 9
4 : 
5 : 20
20 : 13 9 16 5
6 : 
7 : 15
15 : 7
17 : 13 21 8 12
18 : 13 8 10 14 12
19 : 13 9 16
12 : 16 10 17 18
13 : 10 20 17 18 19
21 : 10 14 17
11 : 
16 : 20 19 12
14 : 21 18
Graph 105
1 : 
2 : 8 9 10
8 : 2 17 18
9 : 2 3 19 20
10 : 13 2 21 18 20 12
3 : 9
4 : 
5 : 
6 : 
7 : 15
15 : 7
17 : 13 21 8 20 12
18 : 13 8 10 14 12
19 : 13 21 9 16
20 : 13 9 16 10 14 17
12 : 16 10 17 18
13 : 10 17 18 19 20
21 : 10 14 17 19
11 : 
16 : 19 20 12
14 : 21 18 20
Graph 106
1 : 
2 : 8 10 11
8 : 2 17 18 16
10 : 2 12 4 16
11 : 2 12 4 17 5 16
3 : 
4 : 10 11 14 15 17 18
14 : 21 4 16
15 : 19 4 16
17 : 12 8 11 4
18 : 12 8 4 5
5 : 11 18
6 : 
7 : 13
13 : 7
16 : 12 8 10 11 14 15
9 : 
12 : 10 11 17 18 16
21 : 19 14
19 : 21 15
20 : 
Graph 107
1 : 
2 : 8 9 10
8 : 2 17 18 16
9 : 20 2 14 12
10 : 2 21 4 16 12
3 : 
4 : 10 14 17 18
14 : 21 9 4 16
17 : 8 4 12
18 : 8 4 5 12
5 : 18
6 : 
7 : 15
15 : 7
16 : 8 10 14 12
12 : 9 10 17 18 16
20 : 9 13
21 : 10 19 14
11 : 
13 : 20
19 : 21
Graph 108
1 : 
2 : 8 9 10
8 : 2 17 18 16
9 : 20 2 14 12
10 : 2 21 4 18 16 12
3 : 
4 : 10 14 17 18
14 : 21 9 4 18 16
17 : 21 8 4 12
18 : 8 10 19 4 14 12
5 : 
6 : 
7 : 15
15 : 7
16 : 8 10 14 12
12 : 9 10 17 18 16
20 : 9 13
21 : 10 19 14 17
11 : 
13 : 20
19 : 21 18
Graph 109
1 : 
2 : 8 9 10
8 : 2 17 16 18
9 : 20 2 14 18 12
10 : 2 21 4 16 18 12
3 : 
4 : 10 14 17
14 : 21 9 4 16 18
17 : 21 8 4 12
5 : 
6 : 
7 : 15
15 : 7
16 : 20 8 10 14 12
18 : 8 9 13 10 14 12
12 : 9 10 17 16 18
20 : 9 13 16
21 : 10 19 14 17
11 : 
13 : 20 18
19 : 21
Graph 110
1 : 
2 : 8 9 10
8 : 2 17 18 16
9 : 2 12 20
10 : 21 2 4 16 12
3 : 
4 : 10 17 18
17 : 8 4 12
18 : 8 4 5 12
5 : 18
6 : 
7 : 15
15 : 7
16 : 8 10 12
12 : 9 10 17 18 16
20 : 13 9 14
21 : 19 10 14
11 : 
13 : 19 20
19 : 21 13
14 : 21 20
Graph 111
1 : 
2 : 8 9 10
8 : 2 17 18 16
9 : 2 12 20
10 : 21 2 4 18 16 12
3 : 
4 : 10 17 18
17 : 21 8 4 12
18 : 8 19 10 14 4 12
5 : 
6 : 
7 : 15
15 : 7
16 : 8 10 12
12 : 9 10 17 18 16
20 : 13 9 14
21 : 19 10 14 17
11 : 
13 : 19 20
19 : 21 13 18
14 : 21 18 20
Graph 112
1 : 
2 : 8 9 10
8 : 2 17 16 18
9 : 2 18 12 20
10 : 21 2 4 16 18 12
3 : 
4 : 10 17
17 : 21 8 4 12
5 : 
6 : 
7 : 15
15 : 7
16 : 8 10 12 20
18 : 8 13 9 10 14 12
12 : 9 10 17 16 18
20 : 13 9 14 16
21 : 19 10 14 17
11 : 
13 : 19 18 20
19 : 21 13
14 : 21 18 20
Graph 113
1 : 
2 : 8 9 10
8 : 2 17 18 16
9 : 19 2 20 12
10 : 2 13 21 12
3 : 
4 : 17 18
17 : 8 4 20 12
18 : 8 4 5 12
5 : 18 20
20 : 13 9 17 5
6 : 
7 : 15
15 : 7
16 : 8 12
12 : 9 10 17 18 16
19 : 13 9
13 : 19 10 20
21 : 10 14
11 : 
14 : 21
Graph 114
1 : 
2 : 8 9 10
8 : 2 17 18 16
9 : 20 2 12 19
10 : 20 2 13 21 12
3 : 
4 : 17 18
17 : 8 4 12
18 : 8 4 5 12
5 : 18
6 : 
7 : 15
15 : 7
16 : 8 12
12 : 9 10 17 18 16
19 : 13 21 9
20 : 13 9 10 14
13 : 20 10 19
21 : 10 14 19
11 : 
14 : 20 21
Graph 115
1 : 
2 : 8 9 10
8 : 2 17 18 16
9 : 20 2 12 19
10 : 20 2 13 21 18 12
3 : 
4 : 17 18
17 : 8 21 4 12
18 : 8 10 14 4 12 19
5 : 
6 : 
7 : 15
15 : 7
16 : 8 12
12 : 9 10 17 18 16
19 : 13 21 9 18
20 : 13 9 10 14
13 : 20 10 19
21 : 10 14 17 19
11 : 
14 : 20 21 18
Graph 116
1 : 
2 : 8 9 10
8 : 2 18 16 17
9 : 19 2 20 17 12
10 : 2 13 21 12
3 : 
4 : 18
18 : 8 4 5 12
5 : 18 20
20 : 13 9 5
6 : 
7 : 15
15 : 7
16 : 19 8 12
17 : 13 8 9 12
12 : 9 10 18 16 17
19 : 13 9 16
13 : 19 10 20 17
21 : 10 14
11 : 
14 : 21
Graph 117
1 : 
2 : 8 9 10
8 : 2 17 16 18
9 : 20 2 18 12 19
10 : 20 2 13 21 18 12
3 : 
4 : 17
17 : 8 21 4 12
5 : 
6 : 
7 : 15
15 : 7
16 : 20 8 12
18 : 13 8 9 10 14 12
12 : 9 10 17 16 18
19 : 13 21 9
20 : 13 9 10 14 16
13 : 20 10 18 19
21 : 10 14 17 19
11 : 
14 : 20 21 18
Graph 118
1 : 
2 : 8 9 10
8 : 2 18 16 17
9 : 19 2 18 20 17 12
10 : 2 13 21 12
3 : 
4 : 
5 : 18 20
18 : 19 13 8 9 5 12
20 : 13 9 5 16
6 : 
7 : 15
15 : 7
16 : 19 8 20 12
17 : 13 8 9 12
12 : 9 10 18 16 17
19 : 13 9 18 16
13 : 19 10 18 20 17
21 : 10 14
11 : 
14 : 21
Graph 119
1 : 
2 : 8 9 10
8 : 2 16 17 18
9 : 19 2 20 17 18 12
10 : 2 13 21 18 12
3 : 
4 : 
5 : 20
20 : 13 9 5 16
6 : 
7 : 15
15 : 7
16 : 19 8 20 12
17 : 13 8 21 9 12
18 : 13 8 9 10 14 12
12 : 9 10 16 17 18
19 : 13 9 16
13 : 19 10 20 17 18
21 : 10 14 17
11 : 
14 : 21 18
Graph 120
1 : 
2 : 8 9 10
8 : 2 16 17 18
9 : 20 2 17 18 12 19
10 : 20 2 13 21 18 12
3 : 
4 : 
5 : 
6 : 
7 : 15
15 : 7
16 : 20 8 12 19
17 : 20 13 8 21 9 12
18 : 13 8 9 10 14 12
12 : 9 10 16 17 18
19 : 13 21 9 16
20 : 13 9 10 14 16 17
13 : 20 10 17 18 19
21 : 10 14 17 19
11 : 
14 : 20 21 18
Graph 121
1 : 
2 : 9 10
9 : 19 2 3 20
10 : 2 16 21 3 13
3 : 9 10 13 14 15
13 : 19 10 3 20
14 : 16 21 3
15 : 16 3 17 7
4 : 
5 : 20
20 : 16 9 13 5
6 : 
7 : 15 12
12 : 7
8 : 18
18 : 8
19 : 16 9 13
16 : 19 10 14 15 20
21 : 10 17 14
11 : 
17 : 21 15
Graph 122
1 : 
2 : 9 10
9 : 20 2 3 19
10 : 20 2 16 21 3 13
3 : 9 10 13 14 15
13 : 20 10 3 19
14 : 20 16 21 3
15 : 16 3 17 7
4 : 
5 : 
6 : 
7 : 15 12
12 : 7
8 : 18
18 : 8
19 : 16 9 21 13
20 : 16 9 10 17 13 14
16 : 20 10 14 15 19
21 : 10 17 14 19
11 : 
17 : 20 21 15
Graph 123
1 : 
2 : 9 10
9 : 19 2 3 20
10 : 2 16 21 3 13
3 : 9 10 13 14
13 : 19 10 3 20
14 : 16 21 3
4 : 
5 : 20
20 : 16 9 13 5
6 : 
7 : 12 15
12 : 7 18
15 : 7 8
8 : 15 18
18 : 12 8
19 : 16 9 13
16 : 19 10 14 20
21 : 10 17 14
11 : 
17 : 21
Graph 124
1 : 
2 : 8 9
8 : 2 13 18 17
9 : 2 3 20 19
3 : 9 13
13 : 8 3 20 19
4 : 
5 : 18 20
18 : 8 12 5 19
20 : 9 16 13 5
6 : 
7 : 14 15
14 : 21 7
15 : 10 7
17 : 8 12
19 : 9 16 13 18
10 : 21 15
21 : 10 14
11 : 
12 : 18 17
16 : 20 19
Graph 125
1 : 
2 : 8 9
8 : 2 18 17
9 : 2 3 20 19
3 : 9
4 : 
5 : 18 20
18 : 8 12 13 5 19
20 : 9 16 13 5
6 : 
7 : 14 15
14 : 21 7
15 : 7 10
17 : 8 12 13
19 : 9 16 13 18
10 : 21 15
21 : 14 10
11 : 
12 : 16 18 17
16 : 12 20 19
13 : 18 20 17 19
Graph 126
1 : 
2 : 8 10
8 : 2 17 18 16
10 : 2 12 21 4 16
3 : 
4 : 10 14 15 17 18
14 : 21 4 16
15 : 19 4 7 16
17 : 12 8 4
18 : 12 8 4 5
5 : 18
6 : 
7 : 15 13
13 : 7
16 : 12 8 10 14 15
9 : 20
20 : 9
12 : 10 17 18 16
21 : 10 19 14
11 : 
19 : 21 15
Graph 127
1 : 
2 : 8 10
8 : 2 17 18 16
10 : 2 12 21 4 18 16
3 : 
4 : 10 14 15 17 18
14 : 21 4 18 16
15 : 19 4 7 16
17 : 12 8 21 4
18 : 12 8 10 19 4 14
5 : 
6 : 
7 : 15 13
13 : 7
16 : 12 8 10 14 15
9 : 20
20 : 9
12 : 10 17 18 16
21 : 10 19 14 17
11 : 
19 : 21 15 18
Graph 128
1 : 
2 : 8 10
8 : 2 17 18 16
10 : 2 12 21 4 16
3 : 
4 : 10 14 17 18
14 : 21 4 16
17 : 12 8 4
18 : 12 8 4 5
5 : 18
6 : 
7 : 13 15
13 : 20 7
15 : 7 9
16 : 12 8 10 14
9 : 20 15
20 : 13 9
12 : 10 17 18 16
21 : 10 19 14
11 : 
19 : 21
Graph 129
1 : 
2 : 8 10
8 : 2 17 18 16
10 : 2 12 21 4 18 16
3 : 
4 : 10 14 17 18
14 : 21 4 18 16
17 : 12 8 21 4
18 : 12 8 10 19 4 14
5 : 
6 : 
7 : 13 15
13 : 20 7
15 : 7 9
16 : 12 8 10 14
9 : 20 15
20 : 13 9
12 : 10 17 18 16
21 : 10 19 14 17
11 : 
19 : 21 18
Graph 130
1 : 
2 : 8 9
8 : 2 17 18 16
9 : 20 2 12 19
3 : 
4 : 17 18
17 : 8 4 12
18 : 8 4 5 12
5 : 18
6 : 
7 : 14 15
14 : 20 21 7
15 : 10 7
16 : 8 12
12 : 9 17 18 16
19 : 21 9 13
20 : 10 9 13 14
10 : 20 21 15
21 : 10 14 19
11 : 
13 : 20 19
Graph 131
1 : 
2 : 8 9
8 : 2 18 16 17
9 : 19 2 18 20 17 12
3 : 
4 : 
5 : 18 20
18 : 19 8 9 13 5 12
20 : 9 13 5 16
6 : 
7 : 14 15
14 : 21 7
15 : 10 7
16 : 19 8 20 12
17 : 8 9 13 12
12 : 9 18 16 17
19 : 9 13 18 16
10 : 21 15
21 : 10 14
11 : 
13 : 19 18 20 17
Graph 132
1 : 
2 : 8
8 : 2 17 18 16
3 : 
4 : 10 14 15 17 18
10 : 21 4 15 18 13 16
14 : 21 4 18 7 16
15 : 4 19 10 7 16
17 : 21 8 12 4
18 : 8 12 4 19 10 14
5 : 
6 : 
7 : 14 15 13
13 : 10 7
16 : 8 12 10 14 15
9 : 20
20 : 9
21 : 19 10 14 17
11 : 
12 : 17 18 16
19 : 21 15 18
Graph 133
1 : 
2 : 
3 : 9 10 13 14 15
9 : 20 3 17 12
10 : 21 3 13 15 4 12
13 : 3 10 17 7
14 : 21 3 4 7
15 : 3 19 10 4 17 7
4 : 10 14 15 17
17 : 21 9 13 15 4
5 : 
6 : 
7 : 13 14 15 12
12 : 9 10 7
8 : 18
18 : 8
20 : 9 16
21 : 19 10 14 17
11 : 
19 : 21 15
16 : 20
Graph 134
1 : 
2 : 
3 : 9 10 13 14 15
9 : 3 12 20
10 : 21 3 13 15 4 12
13 : 3 10 7
14 : 21 3 4 7
15 : 3 17 19 10 4 7
4 : 10 14 15
5 : 
6 : 
7 : 13 14 15 12
12 : 9 10 7
8 : 18
18 : 8
20 : 17 9 16
21 : 17 19 10 14
11 : 
17 : 21 15 20
19 : 21 16 15
16 : 19 20
Graph 135
1 : 
2 : 
3 : 9 10 13 14 15
9 : 20 3 12 19
10 : 20 16 3 21 15 12
13 : 3 7
14 : 3 21 4 7
15 : 3 10 17 4 7 19
4 : 14 15
5 : 
6 : 
7 : 13 14 15 12
12 : 9 10 7
8 : 18
18 : 8
19 : 16 21 9 15
20 : 16 9 10 17
16 : 20 10 19
21 : 10 17 14 19
11 : 
17 : 20 21 15
