15 16
Graph 1
1 : 
2 : 7 8 9
7 : 2 11 12
8 : 2 3 12 14
9 : 2 3 4
3 : 8 9 11 12
11 : 7 3 14
12 : 7 8 3 4
4 : 9 12 14
14 : 8 11 4
5 : 
6 : 
10 : 
13 : 
15 : 
Graph 2
1 : 
2 : 7 8 9
7 : 2 11 12
8 : 2 3 12
9 : 2 3 4
3 : 8 9 11 12
11 : 7 3
12 : 7 8 3 4
4 : 9 12
5 : 
6 : 
10 : 
13 : 15
15 : 13
14 : 
Graph 3
1 : 
2 : 7 8 9
7 : 2 11 12
8 : 2 3
9 : 2 3 4
3 : 8 9 11 12
11 : 7 3 15
12 : 7 3 13
4 : 9
5 : 
6 : 
10 : 
15 : 11 13
13 : 12 15
14 : 
Graph 4
1 : 
2 : 7 8 9
7 : 2 11
8 : 2 3
9 : 2 3 4
3 : 8 9 11
11 : 7 3 15
4 : 9
5 : 
6 : 
10 : 14
14 : 10
15 : 11 13
12 : 
13 : 15
Graph 5
1 : 
2 : 7 8 9
7 : 2
8 : 2 3
9 : 2 3 4
3 : 8 9
4 : 9
5 : 
6 : 
10 : 13 14
13 : 10 15
14 : 10 11
11 : 14 15
15 : 13 11
12 : 
Graph 6
1 : 
2 : 7 8 9
7 : 2 11
8 : 2 3 15
9 : 2 3 11 13
3 : 8 9 11
11 : 7 9 3 15
4 : 
5 : 
6 : 
15 : 8 11 13
13 : 9 15
10 : 14
14 : 10
12 : 
Graph 7
1 : 
2 : 7 8 9
7 : 2
8 : 2 3 15
9 : 2 3 11 13
3 : 8 9
4 : 
5 : 
6 : 
15 : 8 11 13
11 : 9 15 14
13 : 9 15 10
10 : 13 14
14 : 11 10
12 : 
Graph 8
1 : 
2 : 7 8 9
7 : 2 13
8 : 2 12 10
9 : 2 3 4
3 : 9
4 : 9 12 14
12 : 8 4 13
14 : 4 10
5 : 
6 : 
13 : 7 12 10
10 : 8 14 13
11 : 
15 : 
Graph 9
1 : 
2 : 7 8 9
7 : 2 13
8 : 2 10
9 : 2 3 4
3 : 9
4 : 9 14
14 : 4 10
5 : 
6 : 
13 : 7 10
10 : 8 14 13
11 : 15
15 : 11
12 : 
Graph 10
1 : 
2 : 8 9
8 : 2 3 15
9 : 2 3 11 13
3 : 8 9 11 12
11 : 9 3 15
12 : 3 13
4 : 
5 : 
6 : 10
10 : 6
7 : 
15 : 8 11 13
13 : 9 12 15
14 : 
Graph 11
1 : 
2 : 7 8
7 : 2 11 14
8 : 2 3 15
3 : 8 11
11 : 7 3 15
4 : 
5 : 
6 : 12
12 : 6
14 : 7 10
15 : 8 11 13
9 : 
10 : 14
13 : 15
Graph 12
1 : 
2 : 7 8
7 : 2 14
8 : 2 3 15
3 : 8
4 : 
5 : 
6 : 12
12 : 6
14 : 7 10 11
15 : 8 13 11
9 : 
10 : 14 13
13 : 15 10
11 : 14 15
Graph 13
1 : 
2 : 7 8
7 : 2 14 13
8 : 2 10 15
3 : 
4 : 14
14 : 7 4 10
5 : 
6 : 12
12 : 6
13 : 7 10
10 : 8 14 13
15 : 8 11
9 : 
11 : 15
Graph 14
1 : 
2 : 7 8
7 : 2 13 14
8 : 2 14 10 15
3 : 
4 : 
5 : 
6 : 12
12 : 6
13 : 7 10 15
14 : 7 8 10 11
10 : 8 13 14
15 : 8 13 11
9 : 
11 : 14 15
Graph 15
1 : 
2 : 7
7 : 2 14 13
3 : 
4 : 14
14 : 7 4 10
5 : 
6 : 11 12
11 : 6 15
12 : 6 8
13 : 7 10
8 : 12 15
15 : 11 8
9 : 
10 : 14 13
Graph 16
1 : 
2 : 
3 : 8 11 12
8 : 3 12 10 15
11 : 3 6 15
12 : 3 8 6 13
4 : 
5 : 
6 : 11 12 10
10 : 8 6
7 : 14
14 : 7
15 : 8 11 13
9 : 
13 : 12 15
