36 18
Graph 1
1 : 10 12 13 14 16 18 19 20 22 26 33 35
10 : 1 18 20 22 26 33 35 7
12 : 1 25 28 20 31 33 34 7
13 : 1 23 25 18 20 5 33 35 7
14 : 1 27 28
16 : 1 24 4 2 7 8
18 : 1 10 25 4 13 28 22 26 31 34 35 2 7 8
19 : 1 3 4 5 2 7 8
20 : 1 10 12 4 13 27 28 22 26 33 35 2 8
22 : 1 10 9 15 18 27 28 20 29 36 33 35 7
26 : 1 10 4 9 18 20 7 17
33 : 1 10 25 12 4 13 9 27 28 20 22 34 7 17
35 : 1 10 23 25 4 13 9 18 28 20 22 5 31 7 17
2 : 16 18 19 20 17 21
17 : 9 15 27 28 29 36 26 33 35 2 8
21 : 9 2
3 : 23 24 19
23 : 3 13 28 31 34 35
24 : 3 16 5
4 : 9 15 16 18 27 19 28 20 29 36 26 33 35
9 : 4 22 26 33 35 17 8 21
15 : 4 22 17
27 : 11 25 4 14 20 22 36 31 33 34 7 17
28 : 11 23 25 12 4 14 18 20 22 36 5 33 35 7 17
29 : 11 4 22 36 17
36 : 11 4 27 28 29 22 17
5 : 24 13 19 28 31 34 35
31 : 23 12 18 27 5 34 35
34 : 23 12 18 27 5 31 33
6 : 
7 : 10 12 13 16 18 27 19 28 22 26 33 35
8 : 9 16 18 19 20 17
11 : 27 28 29 36
25 : 12 13 18 27 28 33 35
30 : 
32 : 
Graph 2
1 : 9 10 11 12 13 14 15
9 : 1 4 5 6 20 25 29 32 8 34 36 3
10 : 1 27 18 30 5 25 32 8 22
11 : 1 5 29 32
12 : 1 31 33 32
13 : 1 27 18 26 30 5 21 32 8 34 36 23
14 : 1 4 5 2 6 8 3
15 : 1 27 18 5 31 32 23
2 : 14 20 25 29 32 34 36
20 : 9 2 36
25 : 17 9 18 10 28 2 6 3
29 : 9 11 4 2 6 8 3
32 : 9 10 11 4 12 13 5 15 2 6 8 3
34 : 17 9 18 24 28 13 31 2 6 16 21 36
36 : 17 9 18 24 28 13 31 2 6 20 16 34
3 : 17 9 18 24 28 14 25 29 32
17 : 27 28 30 6 25 8 34 36 3
18 : 10 28 13 30 15 31 33 6 25 8 34 22 36 3
24 : 16 21 34 36 3
28 : 17 18 4 16 25 21 8 34 36 3
4 : 9 28 30 14 29 32
30 : 17 18 10 4 13 31 22 23
5 : 9 10 11 13 14 15 31 33 32
31 : 27 18 26 12 30 5 15 21 8 34 36 23
33 : 27 18 12 5 23
6 : 17 9 18 14 16 25 21 29 32 34 36
16 : 26 24 28 6 34 36
21 : 24 28 13 31 6 34
7 : 
8 : 17 9 18 10 28 13 14 31 29 32 22 23
22 : 27 18 10 30 8
23 : 13 30 15 31 33 8
27 : 17 10 13 15 31 33 22
26 : 13 31 16
19 : 
35 : 
Graph 3
1 : 9 15 20
9 : 1 20 8
15 : 1 17 18 16 19
20 : 1 4 9 5 3 6 8 36
2 : 
3 : 20 11 12 13 14 17 18 26 30 33 36
11 : 25 28 3 6 18 30 36
12 : 4 25 29 3 31 34 6 33 36
13 : 25 3 22 23 17 35 18 30 33 36
14 : 4 5 3 6 36
17 : 25 15 28 3 6 13 8 30 10 36
18 : 4 25 15 29 3 31 11 34 6 13 8 33 10 36
26 : 3 16 19 10
30 : 4 25 3 11 6 13 17 16 19 10
33 : 25 27 28 5 3 34 6 12 13 22 18 16 19 10
36 : 4 5 20 3 11 6 12 13 14 17 7 18 16 19 10
4 : 25 28 20 12 14 18 30 36
25 : 4 5 11 6 12 13 17 18 30 33
28 : 4 11 22 23 17 35 33
5 : 25 20 29 31 34 14 33 36
29 : 5 12 18
31 : 27 5 34 12 23 35 18
34 : 27 5 31 12 23 18 33
6 : 25 20 11 12 22 14 23 17 35 18 30 33 36
22 : 27 28 6 13 33
23 : 28 31 34 6 13
35 : 24 28 31 6 13 19
7 : 36
8 : 9 20 17 18 16 19
16 : 24 15 8 26 30 33 36
19 : 15 35 8 26 30 33 36
10 : 17 18 26 30 33 36
24 : 35 16
21 : 
27 : 31 34 22 33
32 : 
Graph 4
1 : 
2 : 10 11 12 13 14 21 26 30 33 35 36
10 : 24 2 25 4 5 26 6 7 8 22 23
11 : 2 16 18 19 20 21
12 : 2 4 16 26 31 6 33 8 32
13 : 2 4 16 18 26 33 8 35 34
14 : 28 2 4 16 18 19 26 33 8 35 36 22 27
21 : 2 11
26 : 2 4 10 12 13 14 5 6 7 3
30 : 2 4 16 18 19 20 22
33 : 2 4 16 12 13 14 5 6 23
35 : 24 2 4 16 18 13 14 31 6
36 : 28 2 25 4 16 18 19 14 7 32 22 34 27
3 : 24 25 26 22 23
22 : 28 10 16 14 20 30 7 36 3 32 34 27
23 : 10 16 7 33 3
24 : 10 16 7 35 3 32 27
25 : 10 16 36 3
4 : 10 16 12 18 13 19 14 20 26 30 33 35 36
16 : 24 25 4 11 12 13 14 5 6 30 7 33 35 36 22 23
18 : 4 11 13 14 31 6 30 35 36 32
19 : 4 11 14 30 36 34
20 : 28 4 11 30 22 27
5 : 10 16 26 31 33
31 : 12 18 5 35
6 : 10 16 12 18 26 33 35
7 : 24 10 16 26 36 22 23
8 : 10 12 13 14
9 : 
32 : 24 12 18 36 22 27
34 : 28 13 19 36 22 27
27 : 24 14 20 36 32 22 34
28 : 14 20 36 22 34
15 : 
17 : 
29 : 
Graph 5
1 : 9 13 14 15 16 17 18 24 25 26 29 31 32 33
9 : 1 20 16 17 18 26 31 33
13 : 1 8 21 26 34 33 36
14 : 1 8 16 17 18 24 26 6 31 33 2
15 : 1 28
16 : 1 9 14 22 23 4 26 5 29 32
17 : 1 9 14 10 12 28 26 30 31 33
18 : 1 9 14 22 4 10 26 29 31 33
24 : 1 8 20 3 14 4 5 29 32 34 36 2
25 : 1 8 3 4 5 6 2
26 : 1 9 13 3 14 16 4 17 18 28 5 29 31 32
29 : 1 8 22 16 4 10 18 12 24 26 6 31 33 2
31 : 1 8 9 21 14 22 23 4 17 10 18 26 5 29 34 36
32 : 1 8 22 16 23 4 10 24 26 5 6 2
33 : 1 9 13 14 22 23 4 17 10 18 28 5 29
2 : 19 20 21 14 24 25 29 32
19 : 8 34 36 2
20 : 8 9 24 6 2
21 : 13 28 31 2
3 : 22 23 24 25 26
22 : 3 16 10 18 12 28 30 5 29 31 32 33
23 : 3 16 10 31 32 33
4 : 16 10 18 12 24 25 28 26 30 29 31 32 33
10 : 22 23 4 17 18 5 29 31 32 33
12 : 22 4 17 29
28 : 8 11 21 15 22 4 17 26 34 33 36
30 : 11 22 4 17
5 : 22 16 10 24 25 26 31 32 33
6 : 20 14 25 29 32 34 36
34 : 19 13 24 28 6 31 36
36 : 19 13 24 28 6 31 34
7 : 
8 : 19 20 13 14 24 25 28 29 31 32
11 : 28 30
27 : 
35 : 
Graph 6
1 : 10 11 12 14 31 33
10 : 1 28 30 34 36 22 23 25 17 18 20
11 : 1 27 36 3 23 29 18
12 : 1 3 31 33
14 : 1 27 3 23 4 18
31 : 1 27 30 34 12 36 3 23 2 15 18 21 26
33 : 1 27 12 3 23 2 6 18
2 : 28 30 34 36 31 33 13 15 16 17 18 20 24 26
13 : 30 34 36 2 21 26
15 : 31 2 6
16 : 9 22 23 2 25 24 26
17 : 9 28 10 27 30 34 3 23 2 24 26
18 : 9 28 10 30 11 34 36 3 14 31 33 2 24 26
20 : 9 10 36 3 22 23 2 24 26
24 : 9 2 16 17 18 20 21
26 : 9 28 34 31 2 13 16 17 6 18 20
28 : 9 10 34 3 22 23 2 17 18 21 26
30 : 9 10 3 22 31 23 2 13 17 6 18
34 : 9 28 10 36 3 22 31 23 2 13 17 6 18 21 26
36 : 9 10 27 11 34 3 31 23 2 25 4 13 29 6 18 20
3 : 28 30 11 34 12 36 14 22 31 23 33 25 17 18 20
22 : 28 10 27 30 34 3 16 20
23 : 28 10 30 11 34 36 3 14 31 33 16 17 20
25 : 10 36 3 16
4 : 36 14 29 32
29 : 11 36 4
32 : 4 5
5 : 32
6 : 30 34 36 33 15 21 26
21 : 28 34 31 13 6 24
7 : 
8 : 
9 : 28 30 34 36 16 17 18 20 24 26
27 : 11 36 14 22 31 33 17
19 : 
35 : 
Graph 7
1 : 9 10 11 12 14 15 19 24 28 31 34 35
9 : 1 18 20 21 19 16 17
10 : 1 18 20 21 25 29 19 23 24 26 28 2
11 : 1 18 20 21 29 19 28 27 30 2 16
12 : 1 20 21 25 33 29 32 3 19 24 26 28 4 31 30 2
14 : 1 36 19 28
15 : 1 3 19 24 28 4 31 34 2 7
19 : 1 9 10 11 12 14 15
24 : 1 18 21 10 12 32 36 15 34 2 16 7
28 : 1 18 20 21 10 11 12 14 15 2 16 17
31 : 1 18 21 12 36 3 15 23 26 4 27 34 30 2 7
34 : 1 36 15 24 31 6
35 : 1 3 4 2 6 7
2 : 18 21 10 25 11 29 12 32 36 15 24 28 31 35 16 17
16 : 9 25 11 29 23 24 26 28 2
17 : 9 29 28 27 30 2
18 : 9 10 25 33 11 29 32 3 24 26 28 4 31 30 2
21 : 9 10 25 11 29 12 32 3 24 28 4 31 2
25 : 18 21 10 12 2 16
29 : 18 21 10 11 12 2 16 17
32 : 18 21 12 3 23 24 26 4 27 30 2
36 : 14 3 24 4 31 34 2 7
3 : 18 21 12 32 36 15 22 23 26 31 35
22 : 3 27 30
23 : 10 33 32 3 4 31 30 16
26 : 18 10 12 32 3 4 31 16
4 : 18 21 12 32 36 15 23 26 31 27 30 35
27 : 33 11 32 22 4 31 17
30 : 18 11 12 32 22 23 4 31 17
5 : 
6 : 34 35
7 : 36 15 24 31 35
8 : 
20 : 9 10 11 12 28
33 : 18 12 23 27
13 : 
Graph 8
1 : 9 15
9 : 1 16 17 18 19 20 26 30 33 35 36 8
15 : 1
2 : 16 17 18 19 20 26 30 33 35 36
16 : 13 9 22 25 2 27 28 32 34 26 5 33 6 35 12
17 : 13 9 2 10 14 26 5 30 33 6 35 36 3 7 12
18 : 9 2 32 33
19 : 9 2 34 35
20 : 13 9 22 2 27 28 10 26 5 33 6 35 36 3 12
26 : 13 9 2 27 16 28 17 32 34 20 5 6 12
30 : 13 9 22 2 17 10 14 5 6 3 7 12
33 : 9 2 16 17 18 20
35 : 9 2 27 16 17 32 19 20 5 31 23 12
36 : 13 9 22 25 2 27 28 17 32 34 10 20 5 6 3 12
3 : 13 22 25 27 28 17 32 34 20 30 36 12
12 : 16 17 32 4 20 26 30 31 6 35 36 3 7
13 : 27 16 17 32 34 4 20 26 30 23 36 3 7
22 : 27 16 28 32 34 10 20 14 30 36 3 7
25 : 16 10 36 3
27 : 13 22 16 32 10 20 14 26 31 6 35 36 3 7
28 : 22 16 32 34 10 20 14 26 23 36 3 7
32 : 13 22 27 16 28 18 10 26 5 6 35 36 3 12
34 : 13 22 16 28 19 10 26 31 6 23 36 3
4 : 13 10 14 12
10 : 22 25 27 28 17 32 34 4 20 30 36 7
14 : 22 27 28 17 4 30
5 : 16 17 32 20 26 30 31 35 36
31 : 27 34 5 35 23 12
6 : 27 16 17 32 34 20 26 30 23 36 12
23 : 13 28 34 31 6 35
7 : 13 22 27 28 17 10 30 12
8 : 9
11 : 
21 : 
24 : 
29 : 
Graph 9
1 : 11 12 14 15 17 18 21 22 23 26 28 31 35
11 : 1 30 32 7 28 36 27
12 : 1 26 7 31
14 : 1 36
15 : 1 32 7
17 : 1 3 5 6 7 8 2
18 : 1 3 22 33 6 7 28 35 2
21 : 1 3 5 22 6 7 28 2 27
22 : 1 20 3 9 13 18 34 21 5 7 28 31 8 35 16
23 : 1 20 3 9 13 34 7 31 16
26 : 1 20 32 3 12 9 13 34 7 16
28 : 1 11 20 3 9 18 34 21 5 22 7 8 35
31 : 1 20 3 12 9 34 22 23 7
35 : 1 19 20 3 9 18 5 22 6 7 28 27
2 : 19 20 17 18 21 16
16 : 24 9 25 22 23 26 2
19 : 9 34 35 2
20 : 3 9 13 22 23 6 26 28 31 36 35 2 10
3 : 20 9 13 17 25 18 34 21 22 23 26 28 31 35
9 : 19 20 3 22 23 6 26 28 31 35 16
13 : 20 3 34 22 23 26
25 : 3 36 10 16
34 : 19 3 13 22 23 6 26 28 31 36 10
4 : 
5 : 17 21 22 33 28 35
33 : 18 5 27
6 : 20 9 17 18 34 21 35
7 : 11 12 15 17 18 21 22 23 26 28 31 36 35
36 : 11 20 32 14 25 34 7
8 : 17 22 28 27
27 : 11 32 21 33 8 35
10 : 20 25 34
30 : 11
32 : 11 15 26 36 27
24 : 16
29 : 
Graph 10
1 : 9 10 11 12 14 15
9 : 1 16 17 20 21 28 35
10 : 1 26 30 4 5 2 7 21 35
11 : 1 30 5 2 7
12 : 1 24 32 33 34 28 19 35
14 : 1 5 24 2 16 17 23 27 21 36 28 35
15 : 1 4 5 2 7 3
2 : 10 11 14 15 16 17 18 20 21 28 35
16 : 22 26 9 29 5 14 2 7 27
17 : 9 5 14 2 7 28 35
18 : 24 32 33 2 34
20 : 9 5 24 2 23 27 36
21 : 22 9 29 10 5 14 2 7 27 3
28 : 22 9 5 12 14 2 34 7 17 35
35 : 22 9 29 10 5 12 14 2 6 7 17 27 28 3 13
3 : 26 30 15 21 35
26 : 10 16 3
30 : 4 10 11 3
4 : 30 10 15
5 : 10 11 24 14 32 15 33 34 16 17 20 21 28 35
24 : 29 5 12 14 34 7 18 20 27
32 : 5 12 18 23 27
33 : 5 12 18 23 27
34 : 5 12 24 6 18 23 27 36 28 19 13
6 : 34 35
7 : 10 11 24 15 16 17 23 27 21 36 28 35
23 : 29 14 32 33 34 7 20
27 : 22 24 14 32 33 34 16 7 20 21 35
36 : 29 25 14 34 7 20
8 : 
19 : 12 34
13 : 34 35
22 : 29 16 27 21 28 35
29 : 22 24 16 23 21 36 35
25 : 36
31 : 
Graph 11
1 : 9 10 17 19 22 24 25 26
9 : 1 17 19 16 23
10 : 1 17 19 22 24 25 26
17 : 1 9 10 25 7 26 23 27 29 30 5
19 : 1 9 10 22 34 25 35 7 26 8 4 23 5
22 : 1 10 19 7 16 27 29 30 5
24 : 1 10 34 35 7 8 4 16 5
25 : 1 13 10 15 17 19 21 16 27 5 11
26 : 1 13 10 17 19 34 7 16 27 29 5 11
2 : 
3 : 
4 : 19 24 27 29
27 : 13 14 15 17 20 21 22 25 7 26 4 11
29 : 13 15 17 21 22 26 4 11
5 : 13 14 15 17 20 19 21 22 24 25 26 11
11 : 25 7 26 28 27 29 30 5
13 : 34 25 35 7 26 8 27 29 30 5
14 : 21 27 5
15 : 34 25 7 27 29 5
20 : 23 27 5 12
21 : 14 34 25 7 23 27 29 5 12
6 : 34 35
34 : 13 15 19 21 6 24 26 8 28 30
35 : 13 19 6 24 28
7 : 13 15 17 19 21 22 24 26 27 11
8 : 13 19 24 34 28
28 : 34 35 8 11
16 : 9 22 24 25 26 23
23 : 9 17 20 19 21 16
30 : 13 17 22 34 11
12 : 20 21
18 : 
31 : 
32 : 36
36 : 32
33 : 
Graph 12
1 : 11
11 : 1 28 29 30 27
2 : 12 13 14 15 16 22 23 25 26
12 : 2 30 17 31 32 33 6 22 3 7 8
13 : 21 2 17 22 18 23 20 25 26 3
14 : 21 2 17 31 6 22 18 23 26 35 3
15 : 2 3
16 : 2 22 23 25 26 9
22 : 21 28 29 2 5 12 13 14 16 33 6 35 36 7 9 27
23 : 21 2 13 17 14 31 32 16 6 35 36 7 9
25 : 21 2 13 17 31 16 6 18 35 9
26 : 2 13 14 16 9
3 : 12 13 14 15 9
9 : 16 22 23 25 26 3
4 : 28 29 30 27
27 : 11 17 33 22 4
28 : 11 34 17 22 35 4
29 : 11 17 22 36 4
30 : 11 5 12 6 7 4
5 : 30 17 31 32 33 22
17 : 28 29 5 12 13 14 33 6 23 25 35 36 7 27
31 : 5 12 14 18 23 20 25 35 36 7
32 : 5 12 18 23 36
33 : 5 12 17 6 22 7 27
6 : 30 12 17 14 33 22 18 23 20 25 35 36
18 : 13 14 31 32 6 25 35 36 7
20 : 13 31 6 35
35 : 28 17 14 31 6 22 18 23 20 25
36 : 29 17 31 32 6 22 18 23 7
7 : 30 12 17 31 33 22 18 23 36
8 : 12
10 : 
21 : 13 14 22 23 25
19 : 
24 : 
34 : 28
Graph 13
1 : 9 12 13 14 15 16 23 24 25 26
9 : 1 16 23
12 : 1 17 28 31 32 33
13 : 1 17 23 5 25 26 18 20 8 21
14 : 1 17 35 28 23 5 31 26 18 8 21
15 : 1 17 28 29 23 5 31 32 18
16 : 1 9 22 4 23
23 : 1 3 9 17 4 13 14 15 28 16 31 32 33
24 : 1 3 4 5 2 8
25 : 1 3 4 35 13 28 5 31 2 19 8
26 : 1 3 4 13 14 28 29 5 31 32 2 19 20
2 : 24 25 26 18 19 20 21
18 : 13 14 15 28 31 32 2 33
19 : 5 25 26 2 8
20 : 35 13 28 5 31 26 2 8
21 : 13 14 28 29 5 31 32 2
3 : 22 23 24 25 26
22 : 3 10 27 28 16 29 30
4 : 10 27 28 16 29 23 30 24 25 26
10 : 22 4
27 : 11 17 22 4 31
28 : 11 17 22 4 12 14 15 23 5 25 26 18 20 8 21
29 : 11 17 22 4 35 15 26 33 8 21
30 : 11 17 22 4
5 : 13 14 15 28 24 25 31 26 32 33 19 20 21
31 : 12 14 27 15 23 5 25 26 18 20 8 21
32 : 12 35 15 23 5 26 18 8 21
33 : 12 29 23 5 18
6 : 34
34 : 6
7 : 
8 : 13 14 28 29 24 25 31 32 19 20
11 : 27 28 29 30
17 : 12 13 14 27 15 28 29 23 30
35 : 14 29 25 32 20
36 : 
Graph 14
1 : 9 10 11 12 13 14 15
9 : 1 18 31 35 34 24 17 20 21 6 16 28
10 : 1
11 : 1 33 35 34 23 24 2 30 5 20 21 6 16 32 29
12 : 1 33 35 34 24 6 16 32
13 : 1 35 34
14 : 1 23 24 22 16 26
15 : 1 34 23 24 4 2 5 20 6 22 16 32 29
2 : 33 35 36 11 15 17 21 22 26 27 28 29
17 : 9 2 30 27 28 29
21 : 9 11 4 2 22 27 28 29
22 : 33 35 34 3 14 15 2 30 5 20 21 6 32 29
26 : 34 3 14 4 2 5 20 6 32 29
27 : 31 2 17 20 21
28 : 18 9 2 17 20 21 16
29 : 33 35 11 15 2 5 17 21 6 22 26
33 : 11 12 23 4 2 5 20 22 29
35 : 9 11 12 23 13 24 4 2 5 20 6 22 16 32 29
36 : 4 2 5 6 7
3 : 23 24 25 22 26
23 : 33 35 34 3 11 14 15 6 32
24 : 9 35 34 3 11 12 14 15 16
25 : 3
4 : 33 35 36 15 30 21 26
30 : 11 4 17 22
5 : 33 35 36 11 15 20 22 26 29
20 : 33 9 35 11 15 5 6 22 26 27 28
6 : 9 35 36 11 12 23 15 20 22 16 26 32 29
16 : 9 31 35 34 11 12 24 14 15 6 28
32 : 35 11 12 23 15 6 22 26
7 : 36
8 : 
18 : 9 31 28
31 : 18 9 16 27
34 : 9 11 12 23 13 24 15 22 16 26
19 : 
Graph 15
1 : 35 10 11 14 15 16 17 20 21 23 24 27 28 32 33 34
10 : 1 26 20 36 23 29 24 7 32 22 34
11 : 1 30 27 28
14 : 1 36
15 : 1 3 16 17 20 4 23 24 27 28 7 32 34
16 : 1 35 2 15 26 30 36 4 5 6 7 33
17 : 1 2 31 15 30 23 29 5 13 28 32 33
20 : 1 2 10 31 15 30 36 4 23 5 13 28 22 33
21 : 1 2 3 4 5 6 7
23 : 1 10 15 17 30 20 36 4 13 28 7 32 34
24 : 1 10 15 30 36 4 5 7 33 34
27 : 1 11 15 13
28 : 1 11 15 17 20 23 5 32 33
32 : 1 10 18 15 17 30 36 4 23 5 13 28 22
33 : 1 18 3 16 17 20 4 5 24 13 28 7 34
34 : 1 10 15 30 36 4 23 5 24 6 22 33
35 : 1 19 3 16 4 5 6 7
2 : 18 19 16 17 20 21
18 : 2 31 32 33
19 : 35 2
3 : 35 15 26 30 36 21 33
26 : 10 3 16
30 : 11 3 16 17 20 4 23 24 7 32 34
36 : 10 14 3 16 20 23 29 24 7 32 22 34
4 : 35 15 16 30 20 21 23 29 24 32 33 34
29 : 10 17 36 4 22
5 : 35 16 17 20 21 24 13 28 32 33 34
13 : 17 20 23 5 27 32 33
6 : 35 16 21 34
7 : 35 10 15 16 30 36 21 23 24 22 33
22 : 10 20 36 29 7 32 34
8 : 
9 : 
12 : 
31 : 18 17 20
25 : 
Graph 16
1 : 9 11 15 18 19 20 27 29 33 35
9 : 1 18 4 19 20 27 29 16 21 22 30
11 : 1 27 29 30
15 : 1 18 4 19 20 27 29 2 16 22
18 : 1 9 24 15 4 10 14 29 31 34 35 6 22 30
19 : 1 9 15 4 10 27 14 29 12 22 30
20 : 1 9 23 24 15 4 5 10 33 35 6 22 30
27 : 1 9 11 24 15 19 10 14 31 34 35 6
29 : 1 9 23 11 24 15 18 19 5 10 33 35 6
33 : 1 23 24 4 5 20 10 14 29 34 2 6 16 22
35 : 1 24 18 4 20 10 27 14 29 31 2 6 12 16 22
2 : 15 33 35 16 21 22 30
16 : 9 23 24 15 25 36 33 35 2 8 22 30
21 : 9 2
22 : 9 15 18 36 19 20 33 35 2 16 8 30
30 : 9 11 18 4 19 20 2 16 22
3 : 23 24 25 36
23 : 3 36 20 10 14 29 31 33 34 16 7
24 : 3 18 36 5 20 10 27 14 29 33 35 12 16 7
25 : 3 36 10 16
36 : 3 23 24 25 10 16 22
4 : 9 15 18 19 20 33 35 30
5 : 24 20 10 14 29 31 33 34
10 : 23 24 25 18 36 19 5 20 27 29 33 35 6 7
14 : 23 24 18 19 5 27 33 35 6
31 : 23 18 5 27 34 35 12
34 : 23 18 5 27 31 33 12
6 : 18 20 10 27 14 29 33 35 12
12 : 24 19 31 34 35 6
7 : 23 24 10
8 : 16 22
13 : 
17 : 
26 : 
28 : 
32 : 
Graph 17
1 : 12 14 18 20 23 25 27 29 31 33 34 36
12 : 1 20 25 29 31 33 34 7 36
14 : 1 36
18 : 1 3 4 7 2 8
20 : 1 3 12 23 27 4 31 33 2 8
23 : 1 3 9 13 15 20 28 30 4 31 33 34 7 36 16 17
25 : 1 3 12 9 13 15 28 27 30 4 36 16 17
27 : 1 9 13 15 20 22 25 4 31 33 34 7 36 17
29 : 1 12 9 13 15 22 4 36 17
31 : 1 21 3 12 9 20 23 27 4 34 35 7 8 16 17
33 : 1 3 12 9 13 20 23 28 27 4 34 7 16 24 17
34 : 1 21 3 12 9 23 27 4 31 6 33 8 16 17 19
36 : 1 3 12 9 14 13 23 25 28 27 4 29 16 24 17
2 : 21 18 20 16 17
16 : 9 13 15 22 23 25 28 30 31 33 34 36 2 8
17 : 3 9 13 15 23 25 27 29 31 33 34 36 2 8
21 : 9 13 28 31 34 2 24
3 : 9 13 18 15 20 22 23 25 28 30 31 33 34 36 17
9 : 21 3 23 25 27 4 29 31 33 34 36 8 16 17 19
13 : 21 3 23 25 27 4 29 33 35 36 8 16 17
15 : 3 23 25 28 27 4 29 16 24 17
22 : 3 28 27 30 29 16
28 : 21 3 15 22 23 25 33 35 36 8 16
30 : 3 22 23 25 16 24
4 : 9 13 18 15 20 23 25 27 29 31 33 34 36
5 : 
6 : 34 35
35 : 13 28 31 6 24 19
7 : 12 18 23 27 31 33
8 : 9 13 18 20 28 31 34 16 24 17
24 : 21 15 30 33 35 36 8
19 : 9 34 35
10 : 
11 : 
26 : 
32 : 
Graph 18
1 : 9 10 11 12 13 14 21 26 30 33 35 36
9 : 1 18 19 20 21 16 17
10 : 1 18 19 23 20 22 24 25 21 26 2 17
11 : 1 3 21 26 30 33 5 35 6 36 2 7
12 : 1 21 26 33 35 36 2
13 : 1 18 23 20 3 22 21 26 35 2 34 17
14 : 1 18 23 3 22 21 26 31 35 6 36 2 17 28
21 : 1 9 10 11 12 13 14
26 : 1 18 19 10 20 11 12 13 14 2 16 17
30 : 1 3 11 22 5 6 2 7 17
33 : 1 18 23 11 12 2
35 : 1 18 19 23 20 3 11 12 22 13 24 14 2 17
36 : 1 18 23 20 3 11 12 22 14 25 31 6 2 34 17 28
2 : 18 19 10 20 11 12 13 14 26 30 33 35 36 16 17
16 : 9 23 22 24 25 26 2
17 : 9 23 10 3 13 14 27 26 31 30 32 35 6 36 2 7
18 : 9 10 13 14 26 33 35 36 2
19 : 9 23 10 3 22 26 35 2 34
20 : 9 23 10 3 22 13 26 31 35 6 36 2 28
3 : 19 20 11 22 13 24 14 25 27 31 30 32 35 36 17
22 : 19 10 20 3 13 14 27 31 30 32 35 6 36 7 16
24 : 10 3 35 16
25 : 10 3 36 16
27 : 3 22 31 32 6 7 17
31 : 20 3 22 14 27 5 36 34 17
32 : 3 22 27 5 6 17 28
4 : 
5 : 11 31 30 32
6 : 20 11 22 14 27 30 32 36 34 17
34 : 19 13 31 6 36 28
7 : 11 22 27 30 17 28
28 : 20 14 32 36 34 7
8 : 
23 : 19 10 20 13 14 33 35 36 16 17
15 : 
29 : 
